-2 23 61 23 85 54 122 61 76
25 7 25 18 16 29 22 0 21
0 65 80 77 56 7 50 95 19
25 21 39 32 66 29 74 82 77
26 11 11 8 6 10 44 5 9
6 28 14 -4 29 -19 -4 -7 -16
145 182 169 75 223 115 196 119 224
238 156 158 27 138 234 251 74 7
166 227 163 112 32 21 144 29 155
82 100 26 230 152 105 72 23 168
222 200 234 245 178 63 0 104 168
140 44 201 126 102 180 172 145 26
41 32 16 20 32 23 69 27 47
17 12 -19 -7 13 5 -1 -17 -15
3 2 2 2 2 2 2 2 1
52 81 26 3 74 100 39 5 87
26 19 27 24 19 26 25 23 19
44 -48 21 -22 -2 -60 -74 -115 -96
47 4 37 18 70 70 39 22 51
-16 25 -16 -8 21 -4 9 6 27