99 102 122 54 130 63 122 80 128
25 4 22 11 16 29 28 0 28
9 113 80 74 56 77 50 95 59
48 73 36 14 63 13 87 48 34
82 62 38 80 34 79 44 43 70
3 -11 14 -8 6 -25 -4 -7 -16
52 182 169 75 223 115 40 219 125
8 61 158 27 138 234 251 39 7
90 227 110 184 32 87 144 29 100
237 98 49 230 111 105 154 23 96
208 213 213 244 178 106 0 28 168
57 44 92 126 102 180 72 122 64
41 23 16 20 32 33 69 25 36
17 13 8 10 6 5 -1 -17 4
3 1 2 1 3 3 2 1 2
16 9 35 37 67 45 39 5 87
26 17 27 24 20 26 28 21 25
44 -48 60 44 47 109 61 112 -23
19 4 32 24 25 65 22 22 51
-26 -4 -16 -8 -26 -25 9 6 27