75 103 149 107 34 137 130 28 131
24 2 9 27 30 14 18 1 9
10 30 45 61 99 59 88 100 93
66 66 70 35 30 44 17 63 30
46 23 95 72 47 80 82 57 99
25 20 -1 23 -13 28 -16 15 3
98 12 133 103 249 0 87 198 118
70 156 33 7 65 81 176 137 184
152 73 160 169 52 213 192 220 247
130 218 188 46 145 142 104 60 72
249 67 96 232 214 121 92 117 19
150 34 120 105 22 0 179 65 70
68 17 25 57 64 11 70 39 59
1 -7 -15 -20 13 -8 -4 15 8
1 2 2 1 1 3 3 3 1
35 120 81 61 81 21 72 42 37
29 29 16 21 30 11 28 24 26
-118 1 81 -43 -69 -88 93 -104 -46
18 71 23 12 63 41 54 68 28
5 -19 27 -29 -6 -9 16 6 30