50 72 67 34 40 50 45 80 60 
15 27 16 13 11 19 8 25 14 
37 77 79 39 45 38 73 78 35 
16 59 28 22 73 30 35 52 18 
11 40 30 45 15 62 9 37 39 
-24 30 9 20 -13 -21 13 -30 6 
187 178 231 188 239 181 197 203 76 
56 27 142 107 97 139 216 159 201 
124 191 53 41 231 149 33 203 246 
208 142 164 83 128 202 6 62 252 
225 214 64 27 194 196 63 70 106 
242 230 113 185 232 68 88 177 183 
52 11 61 50 2 74 71 2 43 
-20 3 -9 15 15 14 -14 -4 -12 
3 3 3 3 3 3 3 3 3 
86 114 60 10 77 87 60 106 66 
24 16 27 23 26 14 18 17 30 
65 -63 73 6 -21 -119 68 -6 -101 
79 73 67 11 68 64 49 2 61 
10 -24 -3 -29 14 18 4 30 10 
