-1 23 131 23 72 80 122 71 76
25 7 15 28 16 22 22 25 21
2 79 80 77 56 7 80 95 19
25 21 39 78 66 29 83 82 77
26 61 45 8 6 10 44 5 9
15 -5 -22 5 29 19 -2 -7 -16
192 182 169 63 223 115 196 44 241
255 156 158 141 94 130 251 74 7
247 227 92 112 32 21 144 249 155
82 100 124 230 152 109 72 23 168
33 209 234 157 171 63 111 186 173
140 44 201 126 102 252 172 145 26
41 32 30 20 32 30 69 27 78
17 12 -19 2 13 -20 -1 -17 -15
2 2 2 2 2 1 2 2 2
52 81 26 3 2 100 39 5 87
26 19 27 24 26 26 25 23 19
44 -48 21 38 20 20 -74 -115 -96
1 4 37 14 70 32 39 14 51
-16 25 -16 -8 21 -4 -16 6 27