77 62 68 37 26 49 57 45 37 
0 24 30 7 13 1 27 19 29 
68 17 12 35 50 8 76 73 48 
22 75 37 85 19 41 22 55 33 
64 40 9 11 49 17 76 60 18 
-12 -2 -12 2 13 17 -6 20 -27 
186 110 63 87 70 18 173 198 39 
246 74 183 216 21 128 127 0 6 
253 181 161 100 79 190 12 88 28 
47 51 215 190 81 118 181 205 53 
119 224 179 31 148 154 243 42 13 
169 107 91 139 4 73 191 176 215 
38 34 70 19 75 20 5 74 43 
11 9 11 4 -2 10 -18 -8 16 
2 2 1 2 1 3 1 3 2 
40 10 88 78 16 119 73 27 19 
18 25 21 26 30 28 24 25 15 
-93 120 -1 79 -95 -16 21 -1 75 
21 49 79 9 52 20 62 42 52 
-18 2 -10 -25 -10 -23 5 -6 -15 
