94 27 36 81 97 40 90 39 36 
15 9 0 12 19 13 12 24 20 
77 7 31 28 23 51 65 50 54 
18 52 38 50 19 62 47 79 21 
64 9 27 37 96 12 5 78 55 
11 10 28 -17 -24 -23 0 18 -17 
1 189 38 139 139 86 213 45 152 
117 30 184 58 80 20 204 247 185 
110 246 131 125 4 229 185 89 254 
152 2 232 151 46 27 87 180 246 
169 9 219 183 101 82 166 223 93 
230 189 5 227 28 37 52 226 114 
63 70 24 70 77 55 16 66 61 
0 -10 9 -10 15 4 -18 7 -7 
3 3 3 2 1 2 1 3 3 
75 55 33 11 95 32 6 18 53 
13 17 15 30 14 16 10 22 30 
-60 -92 -11 28 -38 -74 -22 -21 82 
14 33 55 23 67 5 66 72 75 
-8 -17 27 23 -3 -6 28 -23 -20 
