79 65 77 61 136 124 98 133 143
18 -25 -2 -13 -15 -9 -16 29 -3
100 48 101 38 33 63 116 109 112
83 21 50 84 11 14 62 77 13
77 38 35 14 24 24 57 18 17
-6 -3 -18 -9 22 -25 18 -16 0
150 226 97 0 75 91 37 247 254
154 85 248 248 2 129 243 254 91
46 158 72 80 28 76 201 176 73
63 180 128 108 230 0 54 138 188
72 71 94 245 222 147 14 43 106
142 51 27 227 76 254 21 101 158
15 34 69 35 68 29 54 78 19
-20 -3 -12 -17 18 6 1 -9 -2
2 1 2 3 3 2 2 2 1
15 4 62 83 64 38 67 0 94
-8 26 -18 0 13 -19 21 6 16
60 -70 110 20 -28 -64 -114 -21 -82
71 28 18 57 19 65 73 24 68
12 9 8 22 19 -14 14 -9 2