66 137 73 32 128 53 88 56 120
25 -25 9 5 -10 -7 -4 20 3
118 100 115 113 104 61 54 98 119
64 83 18 74 55 90 90 13 37
85 52 51 31 91 26 23 50 61
16 5 -12 28 -11 -16 -13 2 -16
195 13 4 248 78 39 220 217 104
7 230 72 37 4 107 183 201 127
217 60 237 129 21 76 77 137 52
68 241 8 177 116 51 127 116 23
79 63 201 226 34 231 15 224 91
201 99 42 228 195 19 188 59 8
8 44 49 42 80 30 60 40 22
-15 -17 -11 -16 9 -10 -15 -10 13
2 1 2 1 3 3 3 3 1
68 81 70 108 10 37 53 49 86
-29 -11 -10 -9 -25 -15 11 -25 -10
-48 92 41 -109 -73 110 73 -7 -83
20 36 63 75 50 25 29 63 37
9 -3 -23 24 -2 28 16 -2 -11