67 123 53 48 108 83 111 100 117
19 18 4 7 -9 16 0 26 29
77 75 42 74 108 36 112 91 87
70 77 51 66 84 15 59 20 80
95 53 25 55 94 69 66 81 88
-24 22 -1 -3 23 -24 -26 -16 -24
217 6 12 76 170 192 79 14 234
30 194 198 220 236 76 93 166 88
215 132 226 28 27 155 90 41 113
202 161 185 238 53 22 219 210 165
227 222 123 85 232 97 126 116 129
82 250 11 231 159 235 249 80 2
19 54 20 25 24 18 50 1 60
-11 12 9 18 -5 -15 2 -3 -17
3 1 2 2 3 3 3 3 1
3 62 45 87 87 116 41 119 53
-6 5 11 -2 -26 -16 12 3 27
-41 48 -41 17 -53 86 -19 -87 -52
46 18 35 52 67 34 13 63 27
29 -24 6 11 -11 14 2 6 19