146 76 90 100 119 66 61 106 80
13 -14 22 22 8 14 -10 -18 -21
51 63 107 66 37 104 114 58 68
31 59 21 51 24 79 50 71 27
99 19 13 81 96 71 90 7 80
-5 -5 14 -15 -22 23 16 28 9
148 120 118 212 130 11 214 120 108
129 180 213 246 163 71 108 225 3
52 168 206 185 176 192 248 31 224
6 121 230 63 22 25 200 136 34
93 25 117 29 39 184 168 48 92
100 105 129 233 23 171 145 41 252
15 20 3 61 15 68 11 48 37
19 -10 -17 -3 -9 5 -6 13 -7
3 3 3 3 2 3 1 3 2
75 2 27 88 21 68 4 43 107
-22 -27 14 16 -13 7 -13 9 -8
-53 98 107 34 5 -59 101 18 117
30 11 53 8 5 20 15 4 31
13 -8 -9 -1 8 16 11 -23 -7