61 41 61 144 66 82 54 31 108
8 8 8 3 -26 -17 24 -29 -19
48 48 106 30 50 74 92 51 88
69 14 81 59 22 69 26 18 27
23 24 56 6 16 24 38 87 59
22 20 11 -11 -1 1 24 23 -6
98 43 76 132 36 70 68 248 163
213 123 210 76 224 34 234 71 234
78 122 109 46 154 248 249 46 239
190 122 129 181 252 38 71 66 242
69 186 21 226 238 80 213 229 240
127 220 38 178 126 77 30 76 63
29 67 69 52 72 74 58 1 27
-16 20 18 -6 -15 16 20 20 19
1 2 3 2 2 1 3 3 3
77 113 89 51 47 75 48 114 1
-23 29 9 17 6 -7 -9 -14 13
-64 65 63 -99 108 31 -45 53 64
73 6 48 32 20 43 48 70 78
2 27 21 8 5 -29 -21 27 18