102 149 79 101 55 140 46 63 117
-13 -29 -30 7 13 -11 10 -10 12
75 77 99 100 111 41 100 54 92
19 25 31 23 58 59 86 86 67
95 91 61 93 75 79 64 38 99
15 -6 20 -12 -20 -29 3 20 15
53 205 94 174 8 240 218 181 174
78 92 39 187 235 53 164 219 0
107 208 235 163 216 49 89 145 10
46 32 66 61 26 140 197 215 161
26 16 155 108 189 128 181 192 4
247 46 10 49 144 79 170 77 243
1 1 29 19 37 25 10 14 56
9 -13 -6 -20 -19 18 7 -12 7
2 3 2 3 2 1 1 1 3
14 97 96 54 22 30 85 94 33
29 7 -28 2 -4 -7 -18 24 -5
-40 -96 -65 93 51 -89 -104 -101 -2
46 31 57 59 0 35 59 72 33
-2 -1 28 -24 3 11 -29 6 6