75 38 127 55 58 37 146 47 74
-22 6 -11 -30 -4 -18 10 -28 23
73 105 90 81 98 47 118 111 92
56 56 74 26 50 18 20 26 74
89 70 99 39 24 27 22 19 100
-8 -17 -7 -12 5 -22 12 29 -26
144 203 36 147 11 240 178 62 138
125 190 13 67 49 155 38 144 104
215 61 243 42 37 181 34 2 195
62 69 220 111 250 252 34 109 202
255 149 58 190 251 12 24 112 102
78 150 245 241 80 30 39 229 131
31 11 54 74 72 1 74 42 17
17 18 2 9 17 -17 -13 11 -4
2 3 2 2 1 1 3 3 1
31 43 74 37 9 94 17 34 67
-9 -15 11 12 -13 28 11 13 -7
81 44 -50 41 -27 33 -101 -92 -112
4 58 76 42 27 18 9 10 59
26 -20 16 20 15 0 -9 -14 -3