51 110 79 50 134 148 118 119 37
-6 -28 -19 -9 11 -28 27 -9 8
55 83 105 112 78 48 106 72 48
76 48 77 59 27 19 86 76 58
46 87 86 64 90 68 60 95 30
-8 -19 -5 -27 -25 -1 7 27 -27
182 238 201 241 209 52 108 52 108
138 172 24 101 183 72 252 234 211
184 45 239 146 242 208 42 121 209
126 170 185 184 199 179 163 135 47
237 57 218 25 57 240 74 48 15
165 162 46 155 205 195 226 138 34
71 52 0 76 23 79 7 1 52
-11 2 12 0 13 -10 -1 20 20
3 2 1 1 3 3 3 2 2
106 81 8 57 14 82 65 35 58
22 -14 21 -9 -11 -19 -7 -10 19
98 -26 -6 37 -99 -119 12 7 20
7 19 44 22 58 23 6 28 60
18 12 25 19 -7 20 21 -15 4