52 61 137 144 123 140 87 76 149
25 -20 8 -28 27 18 -27 -28 15
89 50 52 71 91 105 33 46 89
56 48 13 51 10 78 25 35 46
98 83 89 29 15 67 81 41 32
-19 10 14 -20 -8 -24 -10 -9 24
189 14 25 170 202 252 24 158 245
177 245 248 70 180 78 117 143 187
102 59 13 140 130 50 219 171 132
175 34 18 212 245 44 92 143 248
246 93 239 3 94 149 47 211 104
192 120 81 56 149 177 176 110 236
42 48 35 5 38 42 18 28 26
-9 6 -16 16 3 -10 -10 -15 -5
3 2 2 1 3 2 3 2 1
0 80 112 87 116 110 101 39 80
-7 -21 17 22 -3 -1 -1 -23 7
85 -19 34 -104 -24 -48 115 77 -72
31 70 18 39 68 63 50 28 19
19 6 -25 14 -1 -29 -17 -15 27