121 44 43 94 120 84 24 71 86
18 -1 -24 19 2 -8 -6 26 15
92 54 33 115 108 116 52 52 106
62 80 73 87 79 19 33 66 79
29 72 52 11 10 27 6 97 46
-19 -26 -25 23 -28 8 21 13 -20
198 233 207 90 215 29 187 209 136
2 97 111 171 191 66 143 47 244
104 10 247 154 140 198 180 60 26
204 41 176 100 76 20 227 34 57
95 55 73 71 1 202 243 81 40
11 220 61 237 205 188 185 45 153
47 52 49 55 14 26 71 37 0
2 -9 -11 -8 4 -19 7 -5 -8
2 1 2 1 1 2 2 1 2
97 108 109 109 100 13 65 120 33
-9 2 7 -25 9 -1 6 -7 -21
118 17 -73 -2 -108 -16 -83 -54 -100
52 12 63 7 39 6 57 76 69
-2 1 8 -18 21 21 29 17 -3