148 46 111 30 126 91 129 75 37
-1 -24 -27 -7 14 -30 16 8 13
86 49 40 76 59 73 38 90 102
67 72 80 28 76 62 43 41 18
79 91 85 53 68 28 52 61 91
16 -28 1 -6 -5 -29 3 -10 -3
27 150 54 29 74 148 134 86 25
49 200 147 204 163 159 225 100 240
252 223 174 209 20 16 164 187 72
42 76 220 46 252 28 47 181 235
238 135 170 154 183 46 138 12 144
5 187 141 239 148 37 56 13 218
15 76 13 2 18 58 32 5 37
11 2 6 7 1 4 15 -18 5
1 2 1 3 1 1 1 3 2
33 12 46 58 85 53 22 104 7
-24 12 2 -22 17 -2 -8 -15 -22
-41 37 107 62 -54 -43 -85 31 14
19 69 20 63 74 69 16 74 57
-26 22 12 -9 29 17 30 -30 30