42 91 20 82 73 122 63 106 99
30 -26 -15 10 28 -29 27 4 -19
116 61 65 70 69 92 75 45 102
76 33 86 32 34 30 76 86 39
31 39 80 84 65 27 92 33 17
4 -1 -21 -9 30 -13 22 24 -7
233 159 235 35 109 232 209 202 187
202 190 173 51 238 212 68 97 198
159 230 178 19 123 213 128 219 232
31 215 120 172 242 178 24 151 34
7 87 71 96 194 208 149 129 135
131 95 38 186 192 20 163 194 232
62 31 74 23 34 10 14 80 6
16 14 -9 7 3 1 5 -19 11
2 3 1 1 2 2 1 1 2
59 12 95 55 34 101 21 50 3
24 -29 0 18 10 -10 -13 -20 16
55 0 71 28 97 -34 37 30 22
68 17 68 34 33 79 45 24 15
26 21 -25 5 19 -8 24 20 -27