-6 93 50 88 58 48 70 71 82
30 6 27 16 30 2 28 25 2
0 29 24 44 104 99 102 6 94
14 78 51 13 85 73 83 14 24
13 13 11 5 10 55 5 9 12
6 -20 -28 -29 -9 -25 -11 -21 1
243 153 134 189 11 79 64 44 128
230 52 203 239 192 36 175 124 49
74 168 92 1 117 162 102 33 180
105 9 85 76 112 228 73 254 87
232 209 168 215 249 133 191 218 36
93 77 254 95 113 71 251 96 169
16 18 68 49 6 4 8 60 77
-14 -16 -19 7 -13 -5 -12 -17 7
1 3 2 3 2 1 2 3 3
15 3 13 33 84 70 8 23 24
23 23 12 14 19 15 15 25 11
11 0 8 31 -108 -104 117 -77 -91
28 0 1 61 57 18 79 14 47
5 -30 -5 7 -9 -25 -22 -9 -22