40 21 34 104 51 24 120 110 149
-24 22 24 4 -21 -14 22 -4 26
104 53 111 49 75 35 44 68 117
80 34 44 45 90 86 43 20 38
97 44 72 91 53 13 91 23 8
17 -11 -12 12 -20 -17 -1 18 24
144 95 184 244 9 167 84 144 190
20 48 147 75 72 27 112 31 11
80 57 116 210 61 80 70 193 19
247 98 223 51 17 78 212 238 4
217 154 206 20 215 201 87 247 114
248 246 54 204 248 31 84 54 147
33 77 68 37 39 43 18 1 50
16 -4 -11 13 17 5 -17 -18 -2
2 3 2 1 1 3 3 2 1
81 83 39 115 85 33 102 35 50
7 -9 0 -2 3 8 -23 0 4
3 51 -5 18 79 108 -104 12 -75
67 56 14 4 21 17 10 0 57
-9 -13 -22 5 3 -19 0 0 1