80 62 114 79 40 146 96 28 131
26 -24 -2 8 -20 -11 -18 -1 15
112 65 90 110 36 65 48 31 44
90 68 30 27 61 63 29 90 46
18 90 98 94 78 65 13 13 45
17 -2 6 -6 22 -30 10 22 -21
200 30 105 208 106 140 16 115 167
103 220 11 107 51 32 142 110 109
141 36 93 54 95 77 160 88 24
38 221 139 191 13 42 189 177 118
119 241 241 175 240 250 90 215 120
103 16 106 195 26 65 135 250 117
65 14 71 61 57 74 53 33 10
-20 20 17 11 15 2 -18 11 16
1 2 2 2 2 2 2 1 2
39 76 21 69 80 60 19 90 91
25 -4 22 2 -4 -17 -12 20 17
64 47 71 59 92 -116 59 -57 77
13 76 3 9 14 12 71 54 20
-15 -22 -19 -16 0 8 24 1 -15