45 23 102 94 133 34 74 109 121
-8 1 -1 -1 -9 24 -26 -29 20
46 110 36 113 100 56 114 62 100
55 52 23 33 43 62 88 83 83
93 18 94 95 35 22 99 93 38
6 -20 11 -18 14 -2 -2 -29 -13
200 214 117 238 47 66 165 188 232
74 188 67 105 159 56 47 171 221
240 231 191 24 223 103 69 193 183
137 172 37 119 73 109 235 253 74
221 187 150 127 134 64 39 186 182
184 15 77 166 94 11 23 47 154
20 44 20 45 47 77 66 73 54
7 6 15 -13 -7 -13 -19 -19 -11
1 3 3 2 1 3 1 1 2
27 4 6 103 82 77 48 63 40
12 -2 22 -5 -30 -21 -26 29 19
-25 -27 69 120 -51 -16 -48 -107 -51
47 29 22 42 1 75 78 58 0
-17 -9 12 18 15 21 -3 -6 16