149 104 142 133 26 57 26 114 35
-29 -15 -16 9 -29 -25 6 20 -21
37 51 63 95 32 107 109 75 113
63 60 34 20 24 74 18 84 62
9 47 80 16 54 30 88 98 22
-2 -25 5 22 -18 -9 -9 -30 28
43 24 145 131 108 131 131 24 169
38 30 251 244 173 82 135 3 185
230 208 68 86 208 159 127 206 65
130 98 245 57 234 49 29 17 122
249 202 35 134 240 158 194 69 65
32 29 47 62 236 233 63 2 72
69 32 42 32 44 71 15 3 58
10 3 18 4 -8 -7 12 -9 -11
3 1 2 3 3 1 1 1 3
50 96 91 82 76 61 97 87 78
-20 5 -26 0 2 10 -10 10 -16
63 -97 -107 63 81 -103 -106 -51 -33
19 26 29 55 5 9 46 47 39
-23 15 -3 -15 -30 19 -23 -13 -7