-2 103 61 107 85 137 122 61 131
24 2 25 18 30 29 18 0 21
0 30 45 61 56 59 88 95 93
66 21 39 32 30 44 17 63 30
46 23 11 72 47 10 44 57 99
6 28 -1 23 -13 28 -16 15 -16
137 182 169 103 223 0 196 119 118
145 156 33 27 65 81 176 74 184
167 73 160 112 52 213 144 220 247
130 218 26 230 145 142 72 60 72
249 67 234 232 214 63 0 117 168
140 44 120 126 102 0 179 65 70
41 17 25 57 64 11 69 27 47
1 -7 -19 -20 13 -8 -4 -17 -15
3 2 2 1 1 3 3 3 1
35 81 81 3 74 21 72 110 87
26 29 16 21 19 11 25 24 19
44 1 21 -43 -2 -88 93 -104 -46
47 71 23 12 63 41 54 22 51
5 -19 -16 -29 21 -4 16 6 30