83 25 59 22 131 97 107 117 26
-2 -9 -8 -25 -19 -21 -4 -27 6
83 64 89 64 90 38 94 120 72
53 25 19 77 73 16 11 44 89
90 87 35 12 43 42 83 37 83
9 -21 -5 -9 -4 16 30 30 18
24 190 181 136 209 137 19 249 202
49 12 58 234 238 161 71 77 74
109 105 40 221 95 135 160 105 77
199 198 45 204 193 1 174 182 193
0 139 80 185 128 179 224 89 66
146 115 250 105 129 195 179 11 70
49 76 42 54 63 2 12 32 2
5 7 -14 -5 6 16 7 3 -3
3 1 2 3 2 3 2 1 3
70 96 68 8 47 16 84 54 33
-23 15 29 29 9 -18 18 -5 -16
-74 19 118 -84 66 -28 43 23 61
52 30 5 9 76 64 10 34 36
12 20 6 22 28 -19 3 11 -14