111 53 62 47 39 117 28 67 98
-22 -20 6 27 20 -30 -19 23 26
107 101 45 40 87 120 62 76 106
63 30 24 47 79 43 89 22 82
11 85 28 69 14 24 72 96 57
8 0 28 -17 -22 25 17 -29 -11
31 243 230 132 113 77 156 220 8
209 222 71 184 239 99 83 190 51
199 164 66 189 174 157 74 155 38
223 93 151 194 241 81 33 171 47
226 108 189 208 113 123 113 156 143
67 132 195 147 154 151 193 170 68
1 58 68 36 19 41 64 33 72
9 -1 -4 -1 7 -3 3 14 -15
2 1 2 1 3 2 3 1 1
87 36 116 113 75 42 8 9 118
25 10 -18 -5 4 -22 15 1 0
95 -18 95 -25 -120 10 71 -7 -52
33 65 69 4 49 5 25 30 66
25 23 6 25 6 -7 -12 28 18