85 130 21 49 59 74 22 80 137
11 -20 -2 -30 -16 -27 15 -26 5
95 111 33 102 110 85 112 120 101
90 76 52 36 11 40 56 74 23
14 11 44 42 60 81 15 33 38
6 9 -22 28 21 17 1 16 14
234 83 190 63 176 232 232 102 66
179 113 123 198 242 233 143 242 188
46 43 246 199 147 249 150 188 123
222 131 224 232 187 85 29 14 103
52 93 142 60 35 43 196 233 204
131 29 190 248 73 41 152 51 142
1 66 21 37 53 43 56 36 45
13 18 17 19 4 -11 6 3 18
2 2 2 1 3 3 1 3 3
15 37 58 27 52 3 50 83 95
-8 -22 25 12 -30 23 -26 -2 -3
42 -77 -71 -103 -21 75 56 -116 55
46 11 22 70 56 19 78 42 56
-27 -1 27 -1 -11 23 7 8 17