79 143 46 126 138 107 128 22 81
-29 15 -12 23 5 -2 6 -16 -25
83 31 94 64 82 69 90 30 102
82 41 67 55 62 34 76 69 47
68 80 40 88 93 58 56 65 63
-6 5 -8 -24 -29 27 -19 -1 2
206 16 224 138 111 148 227 185 3
9 233 101 10 171 42 82 221 150
136 133 56 61 241 164 155 150 204
183 61 52 49 207 236 173 235 152
228 115 187 217 4 123 106 202 48
109 130 237 102 10 146 162 23 142
39 68 39 24 51 48 60 39 56
1 -1 11 8 7 20 4 -5 0
1 1 2 2 2 2 3 2 1
89 17 1 38 116 33 41 14 53
30 22 1 13 -11 8 -2 30 -22
94 -69 -118 -9 92 36 12 80 37
26 55 18 20 32 39 62 73 45
-12 6 -16 -6 -24 12 17 20 -29