121 146 80 25 28 92 104 150 105
18 -9 24 -4 -5 12 -19 18 21
47 58 103 65 67 115 83 67 71
88 28 78 32 64 68 59 74 63
96 45 41 64 34 24 87 90 57
8 22 7 -13 21 25 -2 -20 -26
98 202 84 103 55 114 154 249 86
132 76 109 18 74 246 186 33 68
154 34 99 200 19 189 33 20 172
235 222 254 100 104 254 107 222 92
244 114 37 150 85 204 178 46 121
190 156 25 31 244 70 22 189 155
2 42 29 34 70 9 50 44 58
9 2 -3 -8 20 12 -16 7 -3
1 2 3 1 1 3 1 3 1
38 65 66 74 83 102 67 57 33
-24 20 15 -24 -28 -10 -12 -15 6
-37 67 43 120 111 -109 -16 8 -13
21 17 70 68 37 8 42 42 75
28 -26 -5 -2 1 -12 -28 20 -3