71 81 30 82 96 41 39 61 32
4 -22 -10 -6 -26 18 -15 20 -6
70 41 53 66 47 55 64 114 87
85 14 46 66 32 44 14 71 32
76 91 26 91 100 20 62 65 16
8 -23 26 -28 21 -6 3 12 12
234 125 137 161 189 129 113 153 99
76 106 205 7 216 244 27 117 24
33 15 72 134 185 19 98 235 238
237 142 133 58 177 235 170 182 120
95 47 35 98 58 244 204 124 19
163 26 75 225 193 43 118 130 177
32 55 59 73 13 4 43 52 1
19 17 18 1 -11 -10 -7 -20 -16
1 3 1 1 2 3 3 1 1
100 33 46 110 7 69 11 113 49
-20 27 0 -15 16 26 19 14 -8
71 108 -88 -62 -63 -62 -11 -24 70
73 72 80 14 17 19 75 76 79
19 -13 -14 -28 -9 -28 19 -27 20