146 76 88 71 92 62 131 43 142
19 27 -23 -27 -27 9 5 8 -9
115 94 80 34 68 96 44 100 62
16 28 25 79 69 62 67 46 64
35 87 62 96 31 45 87 81 61
27 -28 -1 -12 7 -15 -28 -2 26
59 225 172 139 78 108 224 170 67
111 155 240 205 196 107 109 151 255
223 77 114 86 131 75 235 146 245
164 147 192 215 100 184 31 159 29
174 80 65 164 42 229 152 122 69
127 13 146 148 70 41 69 47 55
16 35 68 58 70 26 52 16 53
-6 6 8 -12 -8 -19 -13 10 13
3 3 2 1 3 1 3 2 1
35 109 31 91 18 50 98 108 8
-7 -23 12 -1 -6 -7 -16 5 11
-29 -58 -52 51 103 19 -7 -18 -53
73 11 2 21 10 64 41 59 56
30 -5 -9 -22 11 10 -1 11 -4