80 130 56 138 102 37 84 135 32
-27 -6 -15 16 16 -30 29 26 -8
66 97 110 39 74 80 68 51 110
46 71 37 60 17 76 47 58 42
71 12 90 9 65 55 61 69 82
1 15 7 21 22 -29 29 18 18
114 163 204 221 0 56 168 143 204
104 109 153 3 222 144 27 251 154
48 246 174 111 187 184 152 157 97
200 250 199 193 90 101 143 254 111
109 133 198 157 180 71 158 32 10
163 168 64 146 82 78 25 53 144
50 58 5 17 28 15 33 29 3
13 -9 -10 15 -1 -20 9 -18 20
3 2 2 1 3 3 3 1 3
9 31 59 58 117 75 87 61 82
17 11 7 29 21 -22 21 3 25
-77 104 87 -33 -69 79 -55 -91 53
16 55 75 19 76 63 11 66 47
-7 -4 -11 -2 18 7 23 -19 8