53 54 32 68 93 122 84 149 93
3 3 12 29 8 -16 27 -27 23
40 32 71 81 68 42 41 88 54
23 65 14 68 80 88 19 32 87
41 13 73 56 33 79 61 16 52
30 -26 28 3 24 12 1 -11 -18
21 201 10 95 143 104 135 83 49
11 244 248 183 206 189 23 43 137
246 12 242 89 132 94 7 7 132
189 151 182 196 237 211 70 16 184
236 215 22 224 229 67 91 229 97
185 54 145 249 178 112 231 227 142
25 26 66 54 65 21 67 79 45
9 17 -11 -1 7 -6 -14 6 2
3 2 1 1 1 3 2 3 3
69 88 24 101 10 4 114 114 58
-27 22 -26 27 -11 5 4 -6 -18
76 18 72 104 -116 8 117 20 117
79 30 9 3 9 20 26 70 10
-11 23 10 10 6 -22 -7 -23 -4