150 49 113 115 58 131 93 113 93
-4 20 22 -6 9 -25 -21 9 -14
106 30 91 36 47 75 71 98 59
42 13 19 56 73 37 88 13 42
92 44 28 78 57 29 45 50 86
-17 -15 -17 15 -16 -13 30 -13 -25
118 78 191 114 126 42 140 194 219
45 88 55 212 68 2 218 108 73
26 99 202 24 90 242 229 170 20
210 39 34 182 55 26 11 218 181
100 204 193 220 160 226 203 122 217
226 233 7 63 167 103 201 216 10
7 2 63 6 13 71 29 57 21
-2 7 -2 -19 -11 -12 7 -11 -20
2 1 3 2 3 3 3 2 2
4 61 30 37 106 27 62 84 85
13 15 24 8 0 -2 -19 -22 0
51 -98 20 -78 -101 -78 87 44 78
6 65 26 51 25 20 16 52 35
-13 8 11 -1 11 15 -4 28 -8