83 95 109 23 29 144 57 96 106
-19 24 -2 -15 -9 -1 -9 27 -4
37 75 68 49 87 89 69 118 113
18 25 28 19 71 22 81 12 42
24 76 89 16 9 17 67 53 42
-28 -5 -15 26 29 -16 12 28 0
165 184 157 69 175 13 239 8 96
143 64 12 212 97 51 209 39 163
163 232 125 173 172 194 206 171 211
210 77 170 97 253 187 235 63 150
205 190 6 233 46 177 122 9 216
199 93 233 45 44 161 62 103 211
65 53 28 62 79 60 59 66 32
5 -5 5 14 -13 -17 9 -12 11
2 1 3 1 1 3 3 1 2
100 45 41 55 115 32 3 1 87
-19 15 15 18 6 -7 -8 19 24
-99 66 3 -82 18 98 65 -83 -3
5 52 15 8 69 67 20 32 77
0 18 -2 5 3 -4 -13 3 14