65 97 68 128 31 59 48 31 22
17 3 30 10 11 -7 -4 15 24
97 113 97 108 89 65 37 115 72
17 61 58 13 32 83 10 41 29
44 39 69 87 37 16 34 10 54
-13 27 30 -11 -8 -28 -20 5 -9
253 142 131 222 207 38 9 201 162
227 122 61 127 20 174 69 78 184
153 142 177 17 45 158 74 40 31
235 14 243 116 99 100 229 176 31
117 216 41 223 108 176 65 118 135
73 212 169 178 154 175 230 190 37
50 69 11 31 44 51 76 39 47
20 -4 -2 18 13 8 -13 14 4
3 1 2 2 3 3 2 2 2
72 107 62 57 104 92 30 41 44
30 18 13 13 -13 14 -5 16 7
55 -48 14 47 -22 -115 97 56 115
73 24 71 57 61 32 80 9 5
3 -28 1 4 24 5 11 -27 28