126 112 86 28 89 140 44 27 48
-17 3 9 0 -14 27 -12 -20 18
35 58 101 115 116 38 63 67 35
39 73 59 29 19 79 57 20 58
54 12 64 28 48 62 21 36 47
11 28 9 13 -15 6 -1 27 -22
97 183 177 239 89 126 29 252 53
92 194 75 238 144 64 14 167 121
169 61 129 144 7 125 138 28 13
163 34 76 36 51 147 23 138 120
126 199 98 226 204 162 173 32 232
249 128 16 74 36 45 92 65 178
16 9 11 15 44 51 16 37 70
4 12 -14 -18 10 -15 7 4 15
1 3 3 1 3 2 3 1 3
41 6 74 81 45 11 105 28 62
18 -2 18 -14 -1 27 -20 10 9
-76 -57 68 31 -43 84 -84 -47 20
34 49 48 54 45 24 33 13 16
-23 26 -21 25 19 -1 -16 22 20