88 134 126 38 94 133 134 141 42
-9 7 -20 -9 19 -29 4 14 -23
44 94 87 103 95 86 57 72 111
36 14 87 79 88 85 18 27 33
11 14 42 50 9 100 55 50 27
11 16 -1 -21 -7 6 8 22 -27
119 137 235 241 255 13 250 220 193
218 5 193 27 127 19 248 254 245
13 194 62 139 134 230 130 186 29
173 201 27 234 166 138 103 106 77
25 139 22 187 145 149 6 166 123
132 108 62 13 175 205 36 71 195
3 69 42 61 31 53 22 21 67
-11 11 -10 16 -4 -12 12 -6 7
1 3 2 2 2 3 1 2 2
49 66 80 87 120 27 72 92 70
7 0 3 -22 11 -20 -28 25 -27
-107 43 23 -102 77 41 65 55 -94
46 41 11 18 62 35 4 74 29
12 4 4 2 10 28 -22 17 15