129 85 88 57 117 49 106 28 118
18 -8 -1 -28 5 -3 -9 -20 10
32 83 116 85 106 59 34 75 79
48 87 75 36 89 25 42 90 18
58 45 42 17 49 45 100 56 69
29 -25 5 17 -18 29 -10 2 -13
21 245 113 46 97 221 180 107 64
122 25 10 19 151 97 108 217 107
139 65 194 15 167 215 166 200 48
133 61 104 99 80 88 15 159 84
116 88 39 137 217 208 194 135 65
240 196 159 22 95 193 157 235 22
48 64 38 67 3 42 58 76 79
-10 -17 -17 18 -13 7 13 17 20
3 2 3 2 2 1 3 1 3
52 106 4 103 60 22 55 27 84
-16 29 24 -25 28 23 25 4 19
41 -18 81 98 -88 -120 51 -68 17
78 76 46 70 30 63 49 36 69
20 30 19 -12 6 -19 -26 -21 2