121 72 131 146 35 81 80 142 87
-23 0 29 28 9 18 -10 24 2
91 44 72 120 38 96 75 92 32
34 70 48 23 44 35 28 20 22
70 68 94 39 24 40 69 16 41
26 4 8 5 20 -19 5 22 -13
253 150 158 162 114 66 103 7 2
215 151 8 98 232 12 232 87 64
43 169 90 245 164 3 32 89 22
210 68 223 59 9 221 144 170 120
95 90 21 217 37 105 129 34 35
147 172 189 118 107 14 244 196 103
57 68 5 29 39 1 0 48 26
13 19 -2 4 16 13 -18 -10 19
2 1 2 2 3 3 3 3 2
15 53 83 73 108 98 75 27 30
-1 24 10 -9 -2 23 18 7 3
61 -94 -21 24 -22 29 -2 120 98
78 26 55 17 32 44 40 50 79
16 -24 -27 29 2 -24 -4 -10 22