44 68 74 43 26 59 37 142 120
13 16 -25 1 13 21 -21 25 23
57 32 44 120 72 111 63 108 86
76 47 71 85 65 34 58 35 17
93 59 52 99 5 71 64 65 34
-23 -17 30 -28 12 3 19 17 14
46 218 100 92 242 59 214 151 93
227 58 85 203 68 119 194 54 167
76 120 96 24 40 167 181 158 23
136 176 127 89 4 52 146 198 144
9 140 158 245 159 105 230 249 152
221 23 240 68 55 209 137 191 254
69 70 63 72 35 51 69 27 70
10 -3 -19 3 7 -12 -8 -3 4
1 2 2 2 1 3 2 1 1
42 31 12 107 40 2 47 34 59
-12 23 -4 1 27 8 19 -27 -3
-29 -69 -41 119 -108 37 -117 -84 -69
38 58 66 18 11 39 18 2 2
-17 26 -25 20 25 29 -22 -19 -14