103 102 132 139 54 68 35 140 82
12 -29 -8 21 -16 -24 0 30 -25
55 93 64 37 97 105 71 69 35
70 71 46 66 72 59 75 14 58
97 13 60 13 48 100 92 73 41
15 -6 25 -24 13 16 29 -17 -19
2 73 87 3 203 249 89 89 81
25 53 156 131 230 76 194 139 194
237 93 142 179 92 224 223 226 221
159 44 172 57 99 37 97 36 160
184 101 16 77 232 168 91 127 114
15 172 51 109 192 126 154 150 238
33 38 32 11 15 43 12 47 36
-8 -9 -4 1 13 -9 -2 -8 5
2 3 1 1 3 1 2 1 1
34 94 117 119 80 75 5 12 16
19 15 -9 -19 -27 -29 1 8 -27
4 95 17 -15 -6 -117 105 112 -66
68 75 9 76 23 69 62 14 72
-7 -16 10 -5 20 -15 19 -15 10