31 61 110 55 131 32 28 146 92
-18 3 -17 -10 -18 -2 -14 17 -3
50 88 72 85 80 96 33 86 89
51 38 64 54 80 51 84 43 19
83 46 29 93 92 38 50 9 45
-23 -1 -15 7 26 2 27 9 -28
68 68 73 213 186 22 220 228 187
61 141 125 86 134 232 222 78 167
124 137 98 161 254 131 22 94 22
234 231 213 87 218 155 156 236 163
17 116 15 215 121 56 185 122 63
133 218 78 121 21 84 118 161 122
38 56 65 79 54 60 29 0 50
-4 -11 15 -18 9 -17 18 12 -10
1 3 2 3 1 2 1 3 1
118 37 59 79 13 93 63 78 3
-12 -3 -9 -2 -8 -18 -19 10 16
-21 93 -116 23 -50 26 -38 -87 -22
70 0 41 44 3 15 25 22 59
-17 -25 -15 2 -6 25 -11 12 -13