120 122 52 109 31 68 84 35 57
9 -5 5 7 -9 -29 -12 24 6
78 78 95 91 69 114 81 111 39
32 20 70 48 30 33 53 49 19
28 77 89 67 80 71 57 40 89
5 0 -10 12 2 17 -19 8 20
217 132 139 254 194 207 11 84 48
195 203 136 242 171 5 216 204 79
106 204 179 248 142 121 169 207 171
174 170 144 221 66 99 93 111 67
137 56 216 31 21 189 145 226 30
124 158 25 39 14 113 226 192 204
18 68 44 65 71 38 1 75 59
-9 4 18 0 -6 -5 0 18 -17
2 3 2 3 1 3 3 1 1
71 2 74 68 22 112 73 3 77
-15 28 -7 -26 -4 -4 28 -16 -4
-9 -4 -52 14 -73 -64 -6 -28 -26
46 32 72 38 60 14 7 9 21
2 6 -7 -9 -15 -1 -25 0 -29