55 33 129 95 46 90 53 133 89
7 25 27 28 16 24 -5 12 -11
42 51 39 39 78 89 65 106 96
71 27 58 37 71 68 10 33 87
12 80 93 18 33 42 9 95 46
20 -2 -29 20 -24 4 12 3 -5
17 35 61 241 68 222 207 182 17
188 22 91 18 152 114 130 212 150
235 178 25 93 35 216 112 70 175
110 217 88 250 37 210 1 203 105
65 9 240 255 68 106 190 149 27
241 172 139 30 50 200 91 129 181
51 78 19 57 71 9 4 47 20
-8 -17 14 3 19 -16 -3 2 -17
3 1 3 2 2 3 2 3 2
106 83 84 50 74 107 62 87 46
0 -21 -15 -5 -24 -28 -23 18 -22
23 -8 52 -111 70 94 54 -103 -102
34 34 69 33 71 80 70 76 60
14 -14 19 11 9 -15 9 24 30