47 38 83 78 143 132 124 109 24
5 3 28 -17 28 20 20 -11 15
56 79 37 99 73 114 113 110 73
12 86 10 47 28 45 84 53 49
59 85 83 37 57 26 79 5 59
-13 11 29 -25 -10 30 -6 -13 18
59 17 53 53 178 59 71 176 218
191 60 250 189 196 131 37 163 212
130 125 3 234 157 159 250 226 115
48 152 219 228 61 160 40 223 64
169 137 126 115 67 224 50 134 42
250 229 4 77 219 228 250 202 116
69 28 78 11 8 13 38 74 47
6 14 -12 6 3 -4 16 -6 -17
2 1 2 1 3 3 2 3 1
50 33 68 67 67 18 40 76 84
-28 -23 25 -23 -25 -4 -15 16 -5
68 80 84 -92 -25 103 25 114 -50
53 53 10 70 68 15 15 55 31
-18 22 9 29 -24 22 -13 1 16