34 81 46 56 62 93 25 116 67
-14 -7 24 24 23 24 -2 -30 -4
90 72 32 99 52 79 110 48 78
59 38 55 82 34 64 36 56 84
97 77 91 97 10 90 52 62 40
-11 21 -7 -29 1 24 29 -6 0
218 15 180 77 21 55 21 114 7
162 244 253 128 141 81 36 159 251
125 110 245 247 58 129 103 128 236
119 78 222 78 252 99 115 31 173
149 99 212 218 83 80 109 97 94
167 14 211 100 70 70 68 179 105
22 32 23 12 18 46 27 47 15
-11 -2 17 -6 -5 -12 2 -17 -14
1 3 3 1 2 2 3 2 1
33 76 75 104 44 115 18 77 52
-1 -20 -8 -26 -13 -20 5 4 10
77 -99 67 10 60 11 -15 -59 74
45 64 77 20 35 69 24 27 18
-1 -5 -5 -28 18 15 13 29 27