83 97 137 20 145 147 83 49 50
30 14 -17 -19 6 -20 24 -26 23
105 47 112 119 62 42 102 76 72
75 33 12 68 89 18 17 68 53
36 48 8 92 23 22 15 33 86
17 12 21 -30 -26 -9 -26 29 18
100 94 224 57 237 167 252 94 14
157 251 173 76 153 232 199 221 120
27 220 89 152 137 12 76 35 112
238 35 203 242 154 73 88 186 204
184 123 31 153 125 211 7 101 2
0 45 117 16 242 125 69 86 53
16 17 57 78 17 17 18 31 12
-1 -16 0 16 6 15 15 -4 -3
3 3 3 2 1 3 2 2 3
118 105 22 1 26 47 95 30 5
28 -5 -22 -7 3 -22 -14 26 1
-5 -23 -51 112 82 -117 57 -97 -47
60 45 44 37 30 26 49 23 68
-28 -14 -7 4 5 -7 -4 19 5