46 48 135 46 63 36 78 106 38
21 27 9 24 1 1 -29 16 -13
118 95 47 111 36 101 76 58 93
76 10 25 81 90 81 88 56 55
80 87 83 29 72 42 97 34 24
-3 -5 -30 8 25 -24 3 -3 -23
120 234 200 182 179 65 133 136 130
89 137 152 211 80 244 100 214 212
32 102 35 124 22 1 165 66 5
149 225 154 135 199 250 69 29 220
209 55 142 154 245 70 188 61 92
4 49 182 26 193 243 83 177 255
56 69 26 11 18 39 29 23 57
6 10 -5 13 15 3 11 -7 19
1 1 2 2 2 1 3 1 2
31 110 36 8 30 104 18 98 115
-20 9 -1 2 -5 -16 11 -16 11
44 89 -86 -36 -54 -102 66 -25 -115
4 11 18 63 7 0 45 16 8
5 -16 18 3 1 -19 -11 -28 24