24 75 41 97 120 114 86 63 20
-2 -17 -19 -22 18 22 0 -14 -28
94 96 78 41 88 36 90 79 117
89 63 24 46 52 73 74 64 49
22 92 39 69 77 69 47 38 96
29 -7 23 -9 -12 27 -1 8 -28
180 213 212 190 41 192 233 216 225
135 82 241 63 227 245 185 156 252
235 173 68 90 110 81 89 142 255
196 229 162 192 205 153 231 93 172
184 55 207 57 170 53 151 173 41
59 195 126 98 248 100 229 102 207
62 5 12 1 45 41 44 56 3
-17 15 -13 -4 11 13 20 3 7
2 2 3 2 2 3 3 1 1
87 6 0 103 44 95 78 66 63
28 13 15 -18 13 28 25 10 -27
91 12 65 113 -116 70 30 65 120
54 23 20 44 70 36 1 71 66
7 -22 7 -25 -11 29 6 18 -26