143 99 110 129 46 109 123 42 81
-6 5 -26 4 -14 28 -18 -9 10
97 44 35 56 56 92 99 78 82
25 58 56 86 54 57 80 83 29
14 78 81 11 52 88 25 80 34
-26 2 -16 25 27 -22 -21 -7 -8
87 101 57 16 214 50 156 163 35
84 113 206 30 159 143 168 221 62
253 32 167 33 209 76 24 167 238
100 94 158 226 173 187 2 28 142
172 133 64 174 77 13 21 27 45
122 8 245 3 187 129 96 70 105
34 4 70 69 51 9 18 3 38
-8 1 19 11 -17 -4 -7 14 -18
2 1 1 1 2 2 3 3 2
32 91 16 60 64 74 118 117 117
-15 20 17 8 -20 19 7 16 26
-20 32 75 -33 100 -17 78 100 31
8 16 33 18 67 72 32 70 79
-6 0 -22 -3 20 30 2 20 -29