86 131 140 44 134 97 105 60 62
-1 21 18 0 1 -26 21 -9 -14
64 45 68 58 78 77 49 74 75
36 32 37 50 24 73 78 43 76
5 41 21 27 25 48 15 100 31
19 -23 -9 -18 -8 0 -4 18 17
114 214 245 194 23 37 181 46 70
116 63 44 226 36 86 138 133 132
216 210 161 241 192 19 190 53 196
179 112 78 72 68 125 157 63 74
71 148 197 96 88 255 126 133 239
28 177 238 11 117 148 188 23 174
69 47 34 32 0 10 56 21 47
14 -10 -6 -11 -4 -6 14 -14 13
1 3 3 3 1 1 3 3 3
12 40 51 97 45 115 74 26 44
-22 -16 -17 -15 -4 25 24 -21 28
-66 77 -78 52 -38 29 -15 120 -61
41 0 40 29 18 65 65 35 80
-4 10 -21 5 26 -16 4 6 -13