91 67 31 147 50 101 90 125 52
9 -23 -29 -16 22 -1 -23 -10 10
42 98 99 69 93 74 76 118 95
59 70 75 21 10 56 30 62 14
11 75 21 66 48 99 27 39 38
-22 24 -1 -12 -6 4 -9 -25 23
171 241 92 21 62 140 97 115 195
239 44 155 183 192 53 150 41 51
187 115 39 245 204 253 165 71 177
67 122 86 224 232 76 148 169 53
53 217 89 193 230 245 50 207 69
107 89 68 169 134 187 217 107 218
74 28 74 12 65 66 25 75 34
4 -17 -9 20 17 2 -18 16 17
2 2 1 2 1 3 2 1 3
118 92 111 2 64 48 57 89 24
-3 -23 10 21 -9 30 19 18 8
90 53 97 -104 -5 86 -43 24 -54
42 13 32 42 51 56 10 69 77
-11 -4 14 1 -24 12 -22 23 11