121 105 45 74 70 141 100 42 126
-14 -2 9 -17 -27 -29 6 19 4
40 120 82 98 114 43 49 98 116
86 71 79 53 65 54 29 71 69
54 24 26 38 5 45 28 56 21
22 -24 3 19 9 9 15 -28 17
12 106 16 12 218 75 150 94 52
112 202 6 32 246 9 67 2 190
169 39 33 236 89 9 187 23 71
230 204 168 152 139 161 129 6 172
153 67 64 73 190 206 27 124 138
127 169 227 94 97 57 166 159 178
11 20 19 2 65 31 43 72 29
18 -20 -11 4 -9 -12 -19 -6 19
3 1 1 2 3 1 3 1 3
107 87 91 71 18 32 108 61 57
14 25 -13 5 -4 20 -30 -26 -27
33 81 94 -29 107 -100 107 -88 113
69 45 28 52 58 6 35 11 24
9 -17 -7 -6 12 11 9 -27 16