53 101 111 41 30 80 70 87 123
30 17 -25 -5 -24 -21 -8 12 -29
34 65 104 63 38 70 92 105 39
52 18 47 11 56 90 86 61 12
13 15 85 69 84 11 22 24 34
22 2 -12 -24 26 7 -25 26 -14
75 163 170 16 13 165 54 199 195
156 69 41 95 87 224 177 43 32
117 226 70 102 108 155 53 20 195
193 89 66 116 10 196 231 34 140
219 115 125 228 226 0 145 100 218
99 180 10 202 11 69 33 22 176
13 17 74 2 15 45 2 23 76
-17 6 2 3 -20 -13 10 17 3
1 3 3 3 3 1 3 1 3
6 58 100 6 44 77 59 5 116
-20 -4 -28 -6 4 8 -21 25 27
62 53 12 119 -33 -78 40 -32 -120
13 39 58 14 36 14 6 12 27
4 -24 -18 15 -4 10 11 -18 -26