100 23 131 23 72 80 40 71 124
80 60 15 28 4 22 17 25 4
10 79 55 75 60 60 80 25 53
21 90 100 78 83 82 83 51 64
53 61 45 14 40 55 42 74 84
15 -5 -22 5 -9 19 -2 23 -30
0 111 52 63 74 37 49 44 241
0 229 182 141 94 130 134 93 80
0 97 92 156 147 195 203 249 28
164 100 124 76 112 109 20 132 164
33 209 47 157 171 100 111 186 173
19 231 96 95 144 252 9 228 245
67 2 30 43 27 30 8 80 78
17 -3 19 2 -13 -20 -16 9 -19
2 1 3 2 2 1 2 2 2
120 80 86 88 2 97 39 51 110
19 23 11 12 26 16 22 13 24
83 0 -9 38 20 20 10 -12 90
1 4 11 14 31 32 13 14 120
-15 0 -29 20 -5 -13 -16 -13 7