113 139 79 99 70 59 124 70 123
-14 -25 -29 5 -4 -2 -12 9 -21
65 82 36 54 64 111 95 64 88
54 44 42 49 15 44 63 85 80
79 12 32 48 91 82 67 68 70
29 9 -19 11 -4 -20 -18 -21 -9
49 79 195 66 176 33 93 112 107
214 230 72 249 199 164 134 164 134
190 142 204 245 4 219 198 36 31
163 38 125 211 73 60 241 109 163
23 8 127 90 214 215 219 246 23
133 100 68 121 71 50 154 60 5
70 28 51 57 50 18 64 48 63
-4 12 16 -1 20 9 -20 5 -13
2 3 3 1 1 3 1 1 3
16 117 41 39 38 27 35 7 5
-15 -5 1 16 -4 27 23 23 1
-17 -93 -6 77 62 -71 -71 -68 39
27 18 0 11 17 53 46 39 63
-3 -8 14 -8 4 -30 -19 -28 17