89 23 61 23 85 54 42 61 76 
8 7 25 18 25 3 22 22 21 
11 65 8 77 49 7 80 63 19 
25 21 39 32 66 29 74 82 77 
7 11 11 8 6 10 10 5 9 
6 28 -17 -4 29 -19 6 10 1 
81 100 161 24 6 10 196 119 224 
159 156 3 151 8 10 59 74 136 
117 109 163 112 134 21 83 127 155 
82 100 26 202 152 190 72 252 168 
222 200 234 245 221 63 223 104 214 
140 64 201 35 223 125 81 145 26 
41 32 53 73 16 23 75 27 47 
17 12 -19 -7 13 20 -10 -5 -15 
2 2 2 2 2 2 2 2 1 
52 81 26 3 74 100 94 74 48 
10 19 15 24 19 15 25 23 19 
-39 -114 21 -22 -2 -60 -74 -115 -96 
47 63 37 18 70 70 39 50 69 
-16 25 1 14 21 -4 17 -27 -25 
