107 117 46 30 117 133 123 143 34
-21 -7 -2 -12 -29 1 30 -13 20
118 68 108 92 117 83 42 40 49
43 52 33 14 16 18 69 67 21
12 100 83 12 7 15 99 68 23
0 -23 27 29 2 20 13 -3 -25
29 178 64 179 239 242 50 172 115
54 63 4 244 230 142 167 84 188
153 95 243 145 62 238 162 79 17
79 142 210 159 79 2 224 7 140
63 0 193 167 135 106 217 241 163
126 244 163 87 253 223 140 212 78
42 68 19 74 18 50 21 50 9
-19 -20 -10 13 7 11 -3 -7 2
3 3 1 2 1 1 1 2 1
102 14 35 120 35 61 97 35 67
-24 21 1 21 -7 -17 -12 2 8
-82 102 -24 34 93 69 107 -5 -41
37 30 16 17 70 66 59 38 6
26 12 -10 -8 -30 21 -11 29 20