94 129 63 91 109 72 115 21 142
21 -2 -12 17 -20 2 -3 23 12
117 73 50 79 108 82 83 55 103
38 75 81 78 13 37 86 35 84
47 32 74 95 66 57 70 73 44
10 -27 8 5 -27 -29 28 16 -8
123 28 42 202 84 91 46 189 33
26 124 72 226 250 37 39 253 28
39 184 158 163 239 104 46 56 15
162 66 65 41 58 183 136 220 108
187 213 135 237 1 166 162 147 31
233 67 41 42 237 197 245 119 91
13 29 19 31 14 65 32 77 77
-13 -11 18 -10 19 5 4 -2 16
3 1 1 1 3 1 2 1 3
102 112 107 69 70 4 106 74 107
-2 27 25 -27 6 30 -19 -19 -10
-63 75 26 -35 -58 -52 35 60 -101
28 62 45 52 4 60 6 54 24
14 -2 1 -27 -1 4 -29 12 -24