81 21 138 67 54 103 130 95 107
-3 4 -30 -2 24 -8 -27 -10 -26
118 52 106 88 107 43 45 64 43
67 81 15 48 15 79 71 54 88
64 79 90 65 82 40 64 21 72
22 18 23 9 21 21 -7 5 -17
213 143 103 212 2 212 48 243 177
246 92 60 94 82 99 130 77 19
179 195 9 126 149 47 46 83 81
149 36 77 181 147 55 49 65 207
230 56 137 6 76 178 98 170 93
129 48 146 58 255 110 229 42 103
15 9 23 28 74 13 23 2 16
4 -11 14 -8 19 7 1 -18 10
2 3 2 1 2 3 1 2 1
69 89 10 91 65 23 83 16 25
23 2 24 22 30 1 24 -26 -25
-47 35 -13 -103 -7 83 40 -114 -110
66 8 54 50 22 64 41 2 73
-25 -5 -29 -17 -9 22 5 1 -10