127 59 122 63 61 128 143 120 99
26 30 10 -25 -29 -23 22 -9 2
39 103 108 118 57 88 55 98 70
26 60 50 57 86 84 26 45 11
76 99 95 19 20 35 9 64 48
-15 -28 9 -26 -12 -13 4 9 -24
31 123 114 154 33 24 244 179 6
5 147 143 189 22 97 164 32 54
6 244 30 77 191 64 218 208 171
52 181 0 18 47 46 151 160 98
54 131 103 2 136 139 197 64 109
197 197 15 80 249 22 1 207 202
37 70 61 67 58 8 44 54 6
16 -1 7 -14 -3 -11 -2 12 -14
3 2 2 3 3 2 2 3 3
95 98 0 26 4 33 60 99 14
-19 -15 -15 -3 -13 -10 2 27 -25
-8 -56 -29 78 -32 -117 -40 -88 -75
17 6 76 5 73 7 9 12 76
16 -10 22 26 -22 14 14 -10 1