139 138 139 68 35 90 86 41 45
2 -9 15 -27 26 18 3 -13 -14
95 64 48 37 113 109 81 73 103
58 73 29 83 57 47 57 85 56
56 66 32 68 62 17 74 13 100
23 -23 7 -28 7 -29 20 -1 -1
6 135 211 121 94 143 214 73 1
212 65 200 129 66 46 92 117 35
43 65 17 125 31 161 11 24 106
212 159 93 180 131 21 255 28 28
35 187 213 128 17 105 140 180 78
197 173 25 108 17 41 228 60 151
53 62 18 15 3 25 78 48 45
18 10 -7 17 -20 -1 -2 -6 16
3 2 3 2 2 3 3 1 1
118 69 68 97 26 99 14 7 20
26 29 26 -14 14 -24 -20 17 -24
-78 56 55 11 50 -27 65 -75 4
73 17 39 45 80 63 66 35 38
-9 19 3 30 11 -22 15 -12 -28