120 92 35 75 86 20 45 29 50 
18 12 26 1 14 27 11 4 4 
100 80 30 36 25 79 75 61 13 
14 90 43 51 86 42 88 19 60 
6 6 11 13 6 5 13 11 12 
-28 -23 30 -3 22 -28 -17 -27 -18 
0 47 237 237 138 242 226 192 138 
0 241 47 47 10 103 47 30 222 
0 27 82 212 94 229 254 16 255 
0 46 58 155 80 39 182 180 62 
0 159 230 232 181 2 0 156 156 
0 77 98 38 214 199 108 9 242 
50 6 60 42 73 73 28 45 61 
-2 15 3 20 -5 -10 -11 9 8 
1 3 1 3 1 3 3 3 1 
20 69 5 43 104 21 118 34 112 
12 17 18 12 13 18 18 30 28 
85 -13 84 48 103 112 -81 -78 -113 
64 10 33 12 100 79 1 6 10 
-20 0 -12 6 -28 -16 -21 -30 -20 
