85 48 142 62 40 135 26 22 69
-27 -20 19 -30 1 -28 25 7 -13
114 53 95 46 68 114 67 49 52
50 68 34 24 79 71 38 29 26
6 86 20 54 52 27 15 33 96
23 -24 13 27 24 0 21 13 -8
106 177 123 191 127 210 102 204 224
81 136 119 255 64 40 230 49 54
193 22 119 175 242 63 77 198 211
141 219 1 232 242 33 115 102 205
36 199 178 208 25 144 13 203 138
148 238 189 85 106 220 176 169 135
73 12 73 17 77 49 70 54 60
-8 15 -8 5 -20 11 -4 7 -14
3 2 3 2 3 3 2 1 2
27 110 94 43 119 20 59 88 66
19 18 6 -23 0 5 14 -4 8
86 42 92 12 70 12 36 -96 -110
44 13 8 78 3 21 33 18 68
-1 6 1 18 -9 19 30 30 -21