149 66 74 41 88 60 35 75 128
24 6 22 -3 3 20 4 25 26
75 76 64 107 113 107 33 44 87
48 20 34 27 40 84 74 87 17
6 83 100 21 94 81 70 82 26
29 -8 -22 -12 26 -28 26 -23 -19
68 187 234 10 215 199 127 28 255
174 6 44 163 205 185 23 228 252
90 221 27 61 41 93 179 149 191
173 38 1 205 78 141 214 37 198
82 111 42 83 112 43 53 223 87
65 32 239 232 117 191 220 223 251
80 23 1 36 76 40 19 59 35
10 -12 0 -12 -19 -13 -6 -8 -6
2 1 3 3 3 1 1 3 3
45 29 19 94 86 53 91 58 73
27 7 19 -22 -18 0 -12 5 -9
-88 27 29 51 118 -8 32 101 76
28 55 44 40 17 75 38 30 39
-24 -24 -21 -19 21 -9 -19 -19 -27