107 139 59 129 46 101 31 58 67
-19 -27 6 1 25 -4 27 6 8
82 47 96 73 93 34 70 108 42
16 20 62 41 37 55 17 15 83
28 55 84 10 50 75 42 51 43
23 26 15 28 0 -14 -1 -13 -13
38 88 214 214 120 194 111 119 175
19 7 147 255 20 117 6 71 184
236 204 168 36 135 182 152 50 170
171 129 48 193 59 160 160 213 68
136 113 61 42 70 202 197 4 127
70 58 65 209 96 241 243 171 31
29 71 71 33 30 63 3 75 45
-1 2 9 9 -10 -3 6 -2 -12
2 2 3 2 3 3 2 2 3
91 34 52 29 108 108 80 120 22
-24 -28 5 -22 22 -15 8 -13 27
-2 -83 -71 -39 -65 63 -45 -86 109
45 74 55 31 31 22 79 19 75
-29 -9 13 22 25 26 24 28 14