96 130 45 136 134 66 37 129 26
-3 10 5 -16 29 -18 -18 -6 -9
73 35 76 39 83 118 54 92 73
81 84 41 79 71 14 82 34 12
68 12 51 29 41 11 32 8 61
13 12 10 -24 19 4 26 27 -16
249 142 54 29 185 194 189 157 199
97 129 44 167 202 255 124 221 178
152 59 34 178 5 44 93 7 193
132 185 190 84 49 119 197 134 152
240 189 177 131 119 245 172 240 167
61 114 182 251 247 213 223 94 159
5 76 36 56 29 61 0 9 19
10 2 15 12 -5 -1 9 -16 -9
2 2 1 2 2 1 3 3 1
54 97 22 26 97 2 23 18 102
18 18 -10 23 -19 -4 5 27 5
1 25 110 41 65 89 -54 -74 30
41 35 45 17 10 44 20 30 61
-3 4 -9 4 29 11 6 -19 -26