121 146 100 108 108 139 79 146 72
12 -18 2 13 -12 -9 -11 -16 -2
34 41 59 115 68 55 117 53 98
76 82 49 58 47 50 55 85 73
98 98 16 76 37 13 62 18 73
-4 15 2 12 -19 -17 28 13 -5
237 249 160 106 229 38 211 189 218
18 6 63 39 3 75 116 109 161
239 138 16 4 92 20 52 64 238
56 182 173 72 208 50 243 252 215
58 104 159 73 11 88 40 239 144
15 80 72 85 48 11 94 64 196
64 35 45 16 48 71 77 25 10
-7 -17 12 11 18 -16 -7 -5 13
3 2 1 1 3 2 1 2 2
73 54 52 43 64 54 113 31 63
21 -11 30 24 21 -3 30 16 19
41 -47 -78 -107 100 -63 16 -87 -18
38 20 1 57 78 53 7 21 39
5 29 -10 -1 -26 4 12 9 -11