104 103 23 140 77 89 96 93 34
-28 1 14 16 -18 -17 -10 -25 -5
40 69 85 64 72 41 104 50 34
68 18 11 28 52 86 65 19 14
96 47 89 56 23 12 18 16 92
6 -22 16 4 27 29 15 -17 21
154 98 171 144 91 31 60 106 68
74 196 252 148 161 154 34 2 82
115 2 86 238 127 86 252 164 192
23 6 33 38 52 107 67 88 244
170 194 79 115 214 42 69 244 233
202 177 199 14 216 95 85 14 10
44 59 3 23 49 39 2 79 52
13 4 1 -9 9 12 6 15 7
3 2 3 1 3 1 2 3 3
107 71 117 72 42 74 100 7 99
-13 23 22 6 25 0 13 -8 10
95 46 -102 -113 100 88 71 28 -92
50 80 61 80 79 80 60 53 8
-8 1 -5 8 -20 -3 -15 6 -15