23 122 125 104 118 122 84 61 142
-23 11 -8 -19 -18 -21 23 -21 -4
37 51 55 119 109 31 43 82 34
75 38 14 23 10 33 46 79 64
89 25 72 84 97 90 30 52 28
27 -24 -8 -27 7 -21 -23 7 26
207 43 238 185 150 215 60 149 28
178 247 228 144 38 86 199 34 169
157 62 239 219 51 19 168 246 62
67 220 89 105 29 250 214 37 15
189 78 186 14 174 43 223 60 135
174 179 83 98 43 191 19 24 187
9 20 0 1 59 72 75 45 8
-3 8 -12 -14 -13 7 -8 6 5
3 3 3 1 3 2 2 3 1
24 75 110 28 102 58 6 33 6
1 -27 -2 -11 -8 -26 -6 -12 27
-87 -74 -63 -14 -34 90 0 38 64
14 37 32 31 16 5 72 66 3
6 17 17 4 30 25 -20 -9 15