93 42 123 49 56 105 129 101 149
-23 -24 -2 22 -5 -18 28 9 -24
117 41 90 42 58 68 102 66 72
15 45 78 53 24 19 43 62 58
74 73 29 17 68 56 90 87 63
-17 8 -5 -28 -27 3 0 21 -2
202 3 65 207 144 88 143 63 111
54 52 183 104 250 201 17 88 182
26 14 84 8 194 144 67 48 134
25 108 109 233 110 244 245 49 160
43 18 30 19 10 52 204 201 54
243 21 161 35 64 181 13 74 82
34 62 79 15 38 3 59 73 64
-5 -1 -7 -6 12 13 16 12 0
1 2 3 1 2 1 3 2 3
107 60 15 11 97 68 89 113 74
-29 -25 12 14 3 -7 -30 25 12
4 104 -16 -42 -74 -30 52 -79 -110
12 44 29 56 35 27 31 54 36
-11 15 27 12 -17 27 15 -12 -18