61 143 36 84 50 49 63 64 23
29 -18 -14 -16 -12 -16 11 -14 1
44 96 88 67 63 102 41 45 110
55 63 27 52 84 27 69 73 36
37 81 39 56 25 69 10 49 78
-1 15 5 -18 -9 9 19 18 29
49 122 69 98 62 62 105 158 10
2 25 212 106 180 3 84 248 13
30 107 46 218 219 92 156 190 56
3 4 73 122 134 74 194 229 36
67 16 129 153 228 27 227 212 106
143 33 95 149 216 250 107 215 16
16 8 23 7 20 51 60 34 38
-5 3 12 0 -15 -3 18 1 1
3 2 2 1 2 2 3 1 1
91 19 83 88 20 11 63 28 56
-24 -24 28 25 22 1 -26 -5 -11
67 109 -55 85 6 -37 -69 -12 94
0 13 20 1 73 28 20 62 55
17 11 7 30 19 10 23 24 -28