139 140 26 23 112 23 94 37 29
22 -2 -24 -22 -12 12 -8 30 -3
88 41 54 69 46 109 120 119 114
63 12 65 27 27 37 29 71 53
24 29 88 87 100 11 58 35 75
24 16 5 -26 -21 -10 14 -22 -17
98 7 138 228 51 187 177 174 11
31 226 35 56 205 50 183 147 164
244 110 73 197 146 37 210 120 178
191 114 129 80 213 175 171 242 39
232 218 174 228 112 254 80 123 201
252 93 17 39 246 165 207 144 210
11 34 41 21 66 38 48 55 53
-10 16 4 16 -11 -2 7 -19 0
3 1 1 1 1 2 3 3 1
0 6 79 15 26 44 53 35 60
-1 11 24 -8 1 9 -25 -24 -3
38 -18 -38 62 118 -47 25 98 75
0 22 50 46 17 22 21 22 60
18 -5 29 5 28 14 27 -28 17