108 128 21 94 49 131 68 92 140
22 -18 -19 5 -26 19 5 22 20
48 46 69 80 94 119 90 101 54
75 74 84 90 83 51 88 25 47
32 9 47 27 77 64 37 69 40
-3 -24 1 -6 18 26 -7 -21 19
60 164 207 96 29 94 162 141 195
199 52 71 118 248 179 148 198 236
111 86 112 82 157 83 16 40 35
144 70 19 248 74 153 133 103 62
25 24 205 72 175 6 113 102 40
12 203 243 50 245 176 163 228 3
5 45 74 2 0 19 58 69 56
6 17 12 -10 -1 4 10 16 5
2 1 1 3 2 2 3 1 2
17 95 74 53 37 5 106 50 14
-29 -23 7 -22 18 -13 2 -1 26
68 35 -94 -104 119 -16 31 -4 -38
0 8 76 56 66 31 7 14 40
26 16 17 -8 10 8 -1 22 -16