104 138 57 32 118 66 24 27 84
-26 -15 -7 5 24 16 10 12 -28
80 112 71 68 68 71 109 52 79
33 40 34 31 28 34 46 41 33
48 44 75 37 29 86 51 36 38
-16 -28 -15 -14 -2 -6 -28 0 28
75 39 36 58 219 40 193 181 182
0 63 227 3 150 24 73 250 101
19 188 56 248 72 47 63 208 16
143 81 107 34 184 253 70 207 240
123 86 79 198 25 164 195 53 213
210 33 139 156 2 219 246 128 206
13 13 52 53 43 58 5 8 2
9 -16 -12 -17 -5 -6 -5 19 -10
3 2 2 1 2 3 3 2 3
66 13 87 45 18 73 81 43 21
11 0 -10 -4 29 26 -6 -5 24
-38 103 38 -48 -96 -58 -120 -103 -58
62 46 37 26 14 28 71 19 39
-24 -10 -19 -27 0 -11 -10 -5 -28