87 104 55 123 76 43 90 96 97
30 -22 -7 15 17 16 23 8 -28
87 52 78 82 112 40 40 45 77
20 37 69 28 69 38 83 62 40
40 15 99 35 55 49 35 61 55
-24 -13 13 8 16 -20 25 0 -7
27 97 66 19 193 154 208 132 120
239 63 228 203 91 210 84 85 137
216 173 39 55 24 43 194 225 205
228 254 160 42 241 35 55 36 218
103 196 11 122 144 236 29 31 116
43 208 215 55 96 183 32 62 247
53 72 22 9 67 29 22 71 49
-12 3 -6 -18 4 -12 20 -3 11
1 3 3 1 2 2 3 3 2
106 100 65 104 48 61 41 86 83
-21 27 -12 15 16 -3 -3 -7 28
82 65 -43 -64 86 68 41 29 94
16 44 68 7 30 21 68 0 61
-30 13 19 23 -17 13 -15 22 -10