58 142 47 29 77 119 117 24 79
-19 -8 28 3 13 -25 16 12 -15
89 39 92 57 54 76 68 48 115
11 46 10 13 62 45 13 14 72
19 74 59 20 51 7 22 48 75
6 -23 -10 -21 -30 -15 18 -13 -16
230 68 90 113 154 145 20 9 91
51 255 118 166 82 125 232 136 113
89 168 155 77 161 89 189 237 170
74 172 160 226 112 116 202 135 223
175 83 189 253 225 35 91 30 49
101 20 229 159 13 158 61 29 66
69 34 28 25 21 29 55 6 15
-9 13 -11 18 -7 -7 -6 -12 -11
1 3 3 2 3 2 1 3 1
85 93 32 12 70 102 51 103 65
26 -25 20 11 18 19 16 -23 -14
-37 -18 -64 -24 68 23 70 -10 62
3 56 59 14 1 20 21 32 79
2 -19 -23 -4 -12 -19 7 -7 -22