94 42 113 88 142 99 103 30 51
-22 -29 -25 23 7 13 28 22 8
45 65 79 107 87 66 101 119 51
55 16 75 24 73 39 38 12 90
65 54 12 69 68 65 82 72 72
19 29 -17 -28 -16 -18 -7 9 -9
78 253 117 59 157 75 85 154 115
142 92 166 225 157 60 64 61 215
57 255 12 22 163 63 28 143 90
25 30 250 158 117 84 59 179 196
112 92 20 180 235 43 19 220 239
143 43 210 107 56 98 31 58 209
43 73 68 52 11 78 31 11 55
-14 3 1 -4 14 7 9 -7 -1
1 2 3 3 3 3 1 1 1
67 103 66 111 120 62 66 7 46
-19 -2 17 2 -11 19 22 -13 -13
-30 38 -60 -36 91 -106 -49 29 76
1 27 75 22 50 13 54 3 42
-18 -19 -18 -22 -16 -23 -20 30 -14