35 33 130 75 111 139 102 73 134
16 24 -27 -22 16 6 -3 -30 4
83 112 77 81 104 90 117 116 106
69 22 15 70 54 29 11 63 73
19 44 84 93 6 56 24 89 78
24 4 28 18 -2 24 -23 15 0
63 125 199 46 155 54 161 210 188
20 37 160 0 122 63 150 134 102
193 134 91 152 31 148 20 171 86
163 40 193 198 152 35 198 64 65
74 4 196 227 193 97 178 113 108
177 243 36 214 205 178 33 18 246
61 25 44 68 45 62 23 63 0
3 -3 11 20 10 15 -11 -16 5
1 2 3 2 2 2 3 3 3
48 87 71 38 21 92 30 34 23
6 18 7 -7 -3 -30 -19 22 9
28 36 46 -35 120 -71 -8 70 94
19 25 78 43 51 14 21 24 76
5 -10 23 -7 -9 1 -4 14 -29