91 42 94 24 44 40 37 54 69
25 10 17 16 7 13 8 8 3
0 18 17 8 5 9 4 4 6
78 71 50 67 72 22 52 85 35
5 12 5 6 7 13 7 11 8
15 20 -10 -14 10 -8 -12 -19 13
13 33 53 139 131 51 60 59 223
253 225 217 39 129 177 54 237 110
140 109 114 95 161 143 141 33 181
168 160 228 157 206 6 91 121 65
34 6 204 227 191 178 181 48 252
134 23 98 168 27 9 64 18 50
17 56 76 49 42 11 28 37 77
15 -11 18 -20 -15 3 12 -15 3
2 2 2 2 1 2 2 3 3
29 52 10 49 16 34 13 31 64
17 22 27 21 14 30 24 20 12
-4 -112 -28 -97 -74 92 94 -51 -90
32 64 64 61 60 22 48 14 41
6 28 17 28 1 10 -24 17 16