78 91 87 122 101 79 120 134 143
15 25 -2 10 10 2 -25 25 -3
82 44 60 73 75 70 62 36 85
47 61 69 66 48 81 12 64 42
39 52 44 40 83 42 69 50 33
-14 -30 -21 -27 -16 -6 8 -28 -6
126 156 114 121 242 194 16 138 156
6 37 150 129 171 145 46 226 195
155 49 22 161 80 210 125 179 52
153 43 40 8 156 145 96 231 219
121 167 30 89 29 33 236 116 231
205 55 91 100 6 77 91 205 60
2 53 58 3 38 68 17 73 29
10 3 10 -8 -12 6 -10 14 -14
1 3 2 3 2 3 1 3 3
34 1 18 60 84 119 19 8 89
-23 -4 -15 -5 22 23 -17 16 -10
-41 114 -86 49 97 66 -80 -84 -60
8 28 62 4 46 19 12 23 9
-24 -16 18 -17 18 -17 30 23 -27