39 129 79 125 145 116 112 41 36
20 -8 -27 -22 0 -6 29 -9 19
45 47 42 120 104 89 34 46 70
84 41 78 86 21 50 71 79 26
13 7 31 87 51 40 60 98 54
6 7 -22 -26 24 -10 -15 -25 -6
34 234 98 249 109 147 162 70 24
218 31 237 218 242 237 222 217 132
151 246 58 188 158 96 90 205 174
50 217 53 217 184 140 184 215 18
143 81 59 107 95 60 52 27 149
22 66 204 219 115 21 189 184 255
16 14 55 31 7 73 19 62 63
0 -1 -15 -9 20 1 -4 1 12
3 1 3 1 3 2 3 3 3
78 118 20 120 25 62 108 1 34
0 -12 9 30 -1 -25 -8 -17 -7
104 5 32 -77 -13 -13 -113 66 42
59 12 74 46 26 43 22 15 20
15 -19 -23 -8 -15 -22 -21 -10 -10