84 98 96 112 141 117 65 130 133
3 -29 21 7 2 -1 6 7 -10
62 54 64 70 100 57 99 45 81
88 79 47 80 45 31 79 89 71
24 78 87 56 30 31 52 8 94
12 -9 1 -10 20 6 -26 16 1
213 1 81 176 182 163 128 30 32
134 248 38 104 176 74 80 39 213
149 0 62 149 227 22 115 233 165
199 122 166 72 159 87 167 55 230
84 23 130 156 120 164 12 108 184
81 129 97 231 8 161 214 222 186
76 61 40 78 25 40 62 11 8
15 -1 13 -10 -7 -6 9 -14 8
1 3 3 3 2 2 1 2 2
69 102 1 24 64 39 116 83 3
-1 -18 -1 18 18 -11 1 25 -13
-66 12 10 51 -45 -44 104 15 -57
65 58 19 59 71 78 17 56 60
27 23 -11 -7 -23 -15 28 -14 -2