100 134 103 132 39 91 24 22 28
-26 -11 -16 -17 22 -14 28 5 19
96 94 99 32 98 114 41 112 83
73 65 63 22 43 42 56 50 83
38 72 53 91 20 20 96 45 39
-10 27 -22 21 -6 8 22 28 -12
85 60 230 15 157 113 177 13 137
114 212 29 95 11 126 72 106 113
35 76 23 187 84 73 108 10 164
246 85 1 64 34 34 225 1 234
116 61 223 42 185 221 81 118 161
105 115 187 23 0 40 184 129 15
63 75 26 61 61 64 68 33 47
-15 20 10 -11 8 -18 9 -2 -18
1 1 1 2 3 2 1 2 3
42 32 99 61 61 79 78 118 86
-22 -13 16 20 27 -29 20 -25 -26
31 0 38 -35 -120 -22 -59 -80 -23
35 20 71 18 52 71 60 80 58
-14 -2 -10 15 10 9 24 14 -16