131 75 49 112 123 88 20 55 141
13 18 -8 22 -2 24 20 -17 -9
33 37 51 94 41 106 36 112 106
75 49 16 68 17 47 50 76 17
38 95 28 93 75 48 6 18 33
13 8 -22 29 5 17 -28 -17 -16
105 243 97 121 6 163 121 157 206
185 153 25 3 8 161 55 202 159
215 27 122 142 27 176 78 73 129
112 187 40 187 53 96 29 157 109
106 177 125 134 254 86 83 102 141
38 177 141 108 34 38 87 186 252
72 3 63 15 39 21 22 47 18
-6 -18 20 7 -19 -17 3 -2 18
3 1 2 2 2 1 1 2 3
105 99 91 114 60 4 27 109 114
20 -6 -30 -30 -20 -10 -12 -18 -16
57 -66 -9 -104 -85 -48 -104 16 25
60 18 43 26 78 48 66 2 29
5 -7 -15 -13 13 27 16 -15 13