83 115 85 70 39 135 87 113 127
-29 -5 -13 20 15 -30 2 3 23
94 99 64 110 120 32 89 120 71
64 77 46 40 56 48 15 78 28
62 54 52 6 14 83 72 28 18
-3 -29 18 14 15 0 27 14 2
234 106 6 85 18 186 134 193 242
167 1 116 137 172 158 141 93 228
198 204 113 216 181 246 214 40 58
27 153 204 60 192 124 187 237 193
60 117 80 145 83 3 49 82 113
207 204 176 205 230 103 190 190 151
5 31 19 54 50 41 71 37 46
16 -4 10 9 -11 -7 14 12 1
1 2 1 2 1 2 1 1 1
118 44 18 60 40 117 77 107 59
-10 -15 -17 -16 10 19 26 -15 -28
111 -84 80 -11 -76 -12 44 -48 98
35 72 27 51 78 56 36 44 54
14 1 -7 0 17 13 30 28 -7