111 77 115 64 97 101 77 92 61
29 16 -4 -11 -8 -24 20 28 15
109 54 86 79 48 93 91 84 65
14 56 50 75 57 78 63 41 41
57 84 43 86 37 66 31 59 41
-15 30 -2 23 10 28 23 -4 17
174 75 172 173 230 125 53 176 186
149 134 238 94 150 101 228 115 162
114 128 178 139 78 190 218 40 138
128 44 136 109 185 146 139 197 91
75 224 172 5 62 126 115 204 84
170 129 130 212 214 79 169 2 127
79 28 74 61 63 39 41 17 4
9 -9 7 -6 -19 16 12 18 0
3 1 3 3 1 3 2 2 3
88 88 49 32 21 25 93 10 99
-23 2 -24 -20 11 25 -6 -1 -5
-2 107 91 93 41 11 29 -60 99
16 74 74 50 70 26 50 10 59
-12 27 -13 -27 -4 21 29 13 -17