76 144 74 87 145 130 103 138 134
-23 -15 5 -13 -23 -17 -2 -6 -1
83 30 54 104 42 115 97 101 119
15 22 75 64 43 85 23 60 17
79 21 46 79 18 97 27 55 59
4 26 6 12 30 -25 -8 -20 -29
2 20 156 38 193 39 0 40 51
211 146 177 175 64 222 100 225 135
177 250 16 145 235 68 139 57 208
193 10 27 170 74 46 2 190 53
136 59 185 136 113 74 183 51 27
86 216 129 60 204 182 193 42 161
60 15 27 25 10 35 50 53 30
6 -14 15 -14 3 11 13 6 -17
2 3 1 3 3 2 3 2 2
95 83 2 89 56 116 95 113 85
4 25 -7 -10 17 -1 20 -17 17
-74 10 -70 58 2 60 107 -8 61
51 46 80 42 41 26 32 8 1
17 29 20 -16 -6 2 -30 -20 -4