124 51 25 47 65 79 64 149 71
-20 4 -20 -6 5 -5 -29 -1 -24
105 100 103 66 75 114 80 45 80
60 12 26 43 22 85 89 75 27
86 71 42 40 20 67 65 12 33
21 -22 -10 14 -7 21 22 7 5
190 132 242 100 123 218 47 108 24
255 34 212 222 14 171 130 25 5
81 179 144 153 150 114 29 179 251
151 185 249 84 23 30 175 11 76
161 196 48 104 11 219 165 63 23
36 128 120 190 40 61 29 56 147
67 39 12 6 65 47 64 13 70
20 12 -8 19 2 -17 16 -10 -17
2 2 2 3 1 1 3 3 1
10 33 97 2 35 68 61 15 9
-18 -4 -8 2 11 -27 -28 -27 -2
-72 22 80 33 110 1 -60 102 97
29 2 6 3 5 44 13 26 48
-17 17 8 18 -23 16 -2 -14 14