46 61 123 105 137 122 45 100 93
0 22 -14 -20 -21 -5 27 10 9
30 36 119 106 109 89 102 68 42
69 70 27 23 26 33 51 49 58
11 18 7 67 29 72 73 42 46
5 23 12 -20 24 -27 -22 4 22
103 244 32 11 171 137 236 112 81
72 254 179 206 183 121 37 68 196
176 92 224 142 176 229 16 190 41
245 244 181 12 155 108 152 234 90
13 88 51 26 139 56 143 126 52
113 61 84 219 253 40 245 12 35
80 35 41 39 40 12 72 80 60
15 -11 -9 -18 -12 8 7 3 13
1 2 1 3 2 1 3 1 1
110 50 20 59 28 0 13 105 9
-3 -11 22 -4 27 25 23 -4 24
-18 -35 41 67 -54 76 -114 -81 -38
53 47 34 0 42 2 43 17 10
-13 29 24 29 13 0 26 11 -24