140 24 28 84 68 116 40 60 137
-14 28 -10 -27 -4 -28 -24 -25 -15
79 46 98 120 36 58 86 112 36
61 38 42 55 34 16 59 52 80
44 69 13 96 38 73 36 43 12
-23 -22 -7 20 -19 20 13 -24 23
99 162 174 117 28 241 3 78 139
44 37 152 123 153 193 123 159 91
102 81 169 194 228 204 94 76 198
83 166 146 138 161 64 37 136 232
241 207 138 77 218 225 115 126 107
2 212 11 126 211 19 191 66 146
75 16 60 3 68 30 74 34 70
4 10 -6 -11 -3 2 1 -8 9
1 3 1 2 3 3 3 1 3
67 40 99 110 93 34 117 24 104
6 0 -2 9 27 -6 -11 6 -16
-83 65 -66 -70 -86 90 -18 -61 -8
77 4 11 11 33 48 16 58 28
16 -29 7 -1 29 -7 27 -18 -17