113 79 144 89 76 84 129 145 48
30 16 29 -10 13 -26 8 15 11
118 53 110 53 118 94 54 118 38
41 60 71 32 68 74 22 56 62
52 78 18 98 81 89 24 30 13
26 10 -28 -6 -20 12 -19 25 -27
238 232 100 239 125 220 142 208 0
83 157 241 94 150 253 189 110 150
254 202 74 175 135 10 11 165 33
51 63 170 241 196 161 219 9 184
27 202 61 3 237 221 2 166 28
116 5 124 84 102 97 64 242 159
66 78 47 32 1 25 66 51 45
11 6 -18 2 10 6 -16 -10 15
1 2 1 1 1 1 2 2 3
80 108 23 56 59 66 63 43 65
27 16 -6 -15 -24 14 9 -26 17
99 10 119 53 -42 2 37 78 48
0 31 78 46 24 77 42 40 69
24 -5 -19 -27 -24 -20 20 -4 27