41 142 56 83 55 33 137 51 125
-24 -20 -1 -2 13 14 -27 6 0
90 37 63 113 92 69 119 41 99
15 53 26 81 78 34 13 77 34
100 50 7 73 100 49 63 21 44
-5 20 -12 21 16 -27 2 3 21
173 108 162 160 100 239 19 2 57
55 89 57 245 130 36 88 204 6
121 45 106 198 193 107 77 214 181
179 227 186 135 95 0 225 151 158
216 173 178 202 160 209 128 221 99
250 90 144 154 25 198 7 14 67
2 33 49 43 11 52 2 59 34
6 0 11 17 -16 9 9 -6 3
2 3 3 1 2 3 2 2 1
95 120 66 10 22 11 103 83 40
-3 -21 9 19 -24 30 25 -15 -20
16 60 87 -103 5 -60 -6 77 112
50 77 12 11 36 2 43 41 28
14 22 28 21 -24 -20 25 25 -6