63 82 57 117 63 117 98 63 90
-26 26 4 -5 -12 -6 26 27 19
38 62 77 32 49 111 70 62 54
27 53 73 81 23 51 49 38 78
17 19 47 21 63 10 10 94 71
-18 28 -7 13 19 7 -21 -18 27
72 23 236 83 131 124 228 77 53
45 166 223 219 92 87 16 249 197
109 144 114 120 12 130 37 213 33
145 255 173 162 113 219 23 232 47
80 148 168 174 39 102 155 233 170
146 105 124 29 33 234 170 62 112
58 66 1 71 66 52 6 26 35
8 20 5 9 8 -17 -2 -13 -11
2 2 1 1 1 1 2 3 2
71 65 65 117 86 22 9 56 13
17 -23 -15 -13 2 -15 -17 25 29
-77 3 -108 107 82 -26 58 -78 100
72 75 11 53 7 7 62 64 33
24 -9 5 -27 13 -22 -19 -8 1