42 53 66 112 101 118 130 39 107
21 -30 1 27 23 26 -13 18 -27
43 65 84 57 33 86 59 94 104
51 12 28 45 82 31 23 34 13
26 100 7 38 10 52 26 59 67
8 13 28 15 -5 -15 -23 6 -29
116 61 67 187 229 218 117 81 93
74 129 200 14 190 17 210 152 32
71 96 148 9 83 93 63 3 248
12 91 189 170 60 90 241 130 55
255 87 79 156 125 48 245 153 52
174 206 116 90 9 51 168 228 162
7 56 0 32 23 24 56 3 2
-4 20 -8 17 5 5 -16 -14 6
1 3 1 3 2 1 2 3 1
6 1 30 38 33 31 0 93 115
16 -12 -13 -16 -20 3 20 2 -13
80 -41 91 117 20 86 -88 -71 59
25 58 56 0 39 36 13 53 25
4 -14 13 -28 -13 7 29 24 20