139 77 150 53 22 27 144 139 99
19 7 -20 -5 13 -26 11 -7 7
68 57 117 91 114 83 68 55 47
86 38 62 43 17 23 81 52 65
87 8 46 66 66 10 45 92 29
-23 -21 -16 19 -10 15 -9 9 -9
18 211 87 32 53 99 245 203 69
141 69 29 103 235 52 42 249 11
93 133 170 123 53 65 29 20 53
168 87 54 49 52 209 215 54 0
223 74 142 215 182 160 64 119 250
200 125 106 98 111 6 181 160 186
71 43 40 72 26 46 74 70 39
-3 -18 7 18 -19 -1 -7 8 9
2 1 1 1 3 1 2 2 3
33 96 106 61 16 13 72 15 89
21 13 -6 28 23 6 16 29 -17
113 -77 6 -86 -90 115 77 45 -49
28 25 10 74 43 31 76 34 35
16 15 -6 -11 -9 -5 27 27 0