105 148 38 119 106 76 74 146 72
1 -29 27 -18 8 0 -8 10 -12
94 65 68 36 46 38 77 45 45
28 41 23 56 17 47 54 31 59
24 56 69 6 71 14 15 17 77
-7 23 0 -8 6 20 13 26 25
107 45 213 120 60 19 253 191 187
178 37 81 151 115 38 131 113 58
164 156 3 75 216 117 212 191 24
108 194 18 18 89 214 225 102 236
186 243 86 82 190 224 143 140 232
12 48 168 87 133 211 138 233 98
59 4 27 63 42 18 23 52 42
-15 -10 19 14 -17 7 -6 6 12
2 1 1 3 2 2 3 3 2
11 60 3 1 95 28 81 34 76
29 27 -18 16 -17 7 22 22 14
19 72 84 -1 -51 35 22 41 100
15 62 69 23 71 56 20 52 2
2 3 2 9 8 30 -20 -6 -15