109 143 102 97 39 32 52 66 141
4 14 -24 -19 -22 -30 -20 -24 27
106 95 34 69 76 35 102 108 105
11 34 37 22 42 69 11 24 20
79 78 87 9 53 23 38 58 91
-26 4 8 30 16 -11 -23 20 15
160 111 61 20 111 34 78 14 254
209 164 64 211 11 138 125 135 71
187 153 72 194 123 85 102 84 203
194 1 53 225 87 40 183 134 103
235 54 41 211 21 57 196 65 78
112 95 209 226 203 165 36 128 12
46 43 71 29 51 77 53 9 60
-20 -7 -6 -13 18 18 17 -17 -3
1 2 1 2 1 1 2 3 1
20 46 108 83 111 32 2 104 9
-20 -12 3 -8 21 -9 -28 -2 -29
-66 29 6 -101 39 7 21 53 51
46 67 30 35 24 52 76 33 4
0 -15 -25 12 -17 9 11 -26 -22