84 139 125 141 61 50 144 53 115
21 -29 -7 12 4 -15 21 6 -7
95 86 100 44 89 44 91 116 119
47 62 26 69 48 58 57 47 69
14 35 18 26 98 66 98 11 96
-27 29 -28 -9 -27 8 -10 24 -6
233 37 189 164 43 102 183 151 217
49 115 168 102 25 24 93 86 129
194 94 26 126 144 179 106 179 127
146 39 80 108 239 29 80 13 220
132 64 75 157 0 115 233 245 127
99 18 5 3 111 216 48 174 39
24 35 50 24 69 78 27 34 64
-19 0 -9 -8 13 -18 -17 -8 13
1 1 3 2 1 3 2 1 3
82 27 77 66 46 55 86 110 117
1 -4 19 -21 -21 21 -28 5 3
-98 117 -85 -112 -45 107 -64 83 94
16 11 17 12 56 31 17 15 79
7 24 -23 7 2 -15 3 -26 3