42 106 38 100 97 140 126 51 51
0 -12 -28 -22 0 21 2 -3 -10
104 48 55 71 78 58 50 106 75
20 32 62 11 80 77 30 81 14
57 10 44 10 98 86 58 40 94
11 3 -17 -16 -19 -28 12 -3 -16
111 157 254 45 142 207 14 190 29
226 179 134 70 212 221 22 70 201
158 196 83 146 248 9 59 75 247
60 42 170 188 39 141 25 60 62
113 212 18 29 208 181 136 64 197
218 200 90 214 47 179 46 150 189
52 3 54 60 50 22 48 12 15
14 9 -18 8 0 -15 -20 -4 -16
1 1 3 1 1 2 2 3 3
68 73 0 44 113 43 25 94 69
-30 17 28 -30 -29 28 2 -27 -21
-83 -18 -110 75 -86 -41 -58 99 119
52 59 18 46 44 16 69 3 16
28 -28 9 21 5 -25 -24 10 29