75 150 142 141 82 48 44 124 50
-24 16 -10 -26 -12 -26 19 21 30
83 53 80 120 87 94 91 57 35
50 69 15 16 43 51 12 76 41
32 88 34 50 37 41 83 83 96
-3 -15 -23 -6 3 29 5 26 10
25 216 148 46 139 228 98 30 229
43 84 41 63 124 86 113 226 164
224 3 15 253 0 182 174 89 165
16 20 66 74 53 25 106 213 64
182 58 160 85 254 52 241 162 3
16 118 210 32 166 93 216 25 103
60 38 5 20 60 5 35 69 4
11 10 -20 18 8 -13 1 5 6
2 1 3 3 1 2 3 3 2
26 22 46 4 9 52 49 73 29
29 9 0 -15 1 13 -12 -22 -20
-32 26 79 -78 33 -2 72 64 -9
58 77 57 58 42 24 24 54 48
18 -17 -3 -1 25 1 -16 7 28