80 126 120 37 50 59 100 65 80
-25 26 0 -7 -1 15 -27 -3 2
11 85 90 118 110 84 34 100 46
78 80 57 13 13 27 17 46 69
29 44 54 32 76 75 64 29 35
0 -11 -29 -22 13 5 -4 30 27
21 222 157 70 46 78 155 62 53
147 162 42 137 36 21 207 165 102
116 34 40 31 48 112 252 241 218
185 197 200 139 233 120 181 214 46
175 144 32 174 52 12 56 131 240
156 24 80 106 215 0 216 35 88
41 29 24 74 64 58 73 24 24
20 7 -15 -5 15 8 -14 11 -19
3 1 1 3 3 3 2 3 1
15 60 68 90 4 38 15 45 50
2 15 28 4 15 0 -23 3 -16
54 -38 42 8 -33 49 -46 -105 -10
26 14 56 64 51 69 27 0 0
15 -20 26 11 -24 -4 -28 -10 15