107 90 59 150 29 125 92 145 23
-19 23 16 13 -5 22 -3 -5 20
41 100 58 94 32 88 37 45 115
31 76 79 76 86 19 16 62 40
56 97 67 51 38 56 50 84 28
-21 16 -7 -10 -16 -8 24 18 0
23 55 70 221 227 123 145 226 194
118 78 241 139 136 175 71 140 248
235 231 61 43 229 193 68 120 149
36 134 119 0 54 35 176 82 31
103 36 19 112 226 59 199 17 25
159 140 109 205 238 247 181 223 241
33 80 46 62 2 78 7 12 31
2 -5 -11 -6 4 8 -20 8 -7
3 3 3 1 2 1 3 1 1
116 48 30 96 85 39 23 78 76
14 11 22 -2 -28 27 0 3 2
-37 75 -79 -97 -101 72 103 120 6
13 9 38 39 27 43 72 10 70
-1 14 1 -19 -28 1 -3 7 -8