84 37 114 55 20 38 103 142 119
-25 -9 25 15 -13 9 -3 -4 7
87 104 48 99 43 36 98 109 32
88 63 21 56 25 60 29 49 69
9 47 92 80 98 83 59 62 18
-22 17 3 -22 -2 14 -1 -13 -17
6 71 172 164 112 175 123 222 97
210 187 118 44 10 160 106 23 1
195 239 53 30 51 58 94 5 235
48 132 206 177 169 123 54 117 76
178 198 178 140 124 57 236 135 201
109 12 159 65 104 106 102 247 122
54 4 58 70 1 73 11 68 5
6 19 -2 -14 -9 10 19 13 -14
1 1 3 2 1 3 2 3 3
63 95 75 51 87 109 71 91 73
24 5 -22 -11 -23 0 0 -22 -22
64 47 83 107 34 -18 80 -64 9
17 30 48 4 42 19 60 44 15
-8 -9 -18 25 26 0 -18 -20 -17