66 29 58 141 53 120 150 42 102 
4 26 17 20 15 6 25 6 0 
21 64 78 69 22 11 31 37 67 
52 24 47 46 15 31 53 53 72 
51 49 45 80 86 95 23 42 17 
-17 7 -23 -14 -16 -11 0 4 5 
180 156 35 110 190 134 49 225 38 
154 251 221 54 98 85 168 226 22 
196 192 171 245 120 103 179 11 145 
96 218 133 204 111 144 157 213 104 
240 178 166 227 215 51 193 113 219 
253 172 72 153 205 41 24 133 86 
80 49 0 45 76 79 11 72 10 
-10 15 -20 16 1 10 2 -20 -17 
1 2 1 2 3 1 2 1 1 
80 21 120 76 7 22 11 77 92 
22 26 16 18 24 28 23 20 21 
-94 -115 -114 -39 84 23 -41 -77 87 
6 62 16 40 4 71 10 56 4 
19 9 9 9 2 -7 23 25 -16 
