149 62 73 50 117 101 123 137 144
8 25 23 -3 18 -25 7 -1 27
5 112 106 119 41 84 58 115 92
89 68 58 25 15 33 61 35 36
27 70 58 23 20 71 85 13 89
-3 -28 -22 30 -24 -1 15 21 -5
165 58 231 62 137 202 221 24 143
59 111 238 18 17 30 74 24 60
101 190 14 75 94 33 79 212 5
201 4 94 114 42 186 152 45 194
36 209 15 61 138 72 189 82 187
165 53 207 247 182 213 155 192 4
58 31 38 17 31 76 19 63 19
4 -4 -16 11 -8 5 -16 12 11
1 1 2 2 3 3 3 3 3
109 82 79 59 64 12 76 13 28
19 -25 22 25 10 19 -21 -13 7
83 69 27 49 71 -103 -8 -108 40
37 35 49 30 80 16 24 3 19
-30 -15 -4 15 3 -24 -3 2 11