-5 103 149 107 85 54 69 61 131
25 7 25 18 16 29 22 0 21
0 30 45 77 99 59 50 100 19
25 87 70 32 30 29 17 82 64
46 23 11 72 6 10 44 57 99
28 -22 -1 -4 29 -19 -4 22 -16
145 182 169 75 223 0 196 198 224
71 156 33 27 65 234 251 74 184
167 227 163 169 52 213 87 220 247
130 100 26 230 145 105 72 23 168
222 76 234 245 178 63 0 117 168
140 44 201 126 22 180 179 65 45
62 32 25 20 64 11 69 27 47
17 12 -15 -20 13 -8 -4 -17 8
1 2 2 2 2 2 3 2 1
35 97 26 3 74 21 39 110 87
26 29 27 24 30 26 25 24 19
44 -48 21 -43 -2 -60 -74 -115 -46
4 4 37 12 70 41 44 22 51
-16 25 -16 -8 21 -4 16 6 30