88 129 96 85 123 54 26 129 119
-9 29 -30 22 -18 -5 8 20 -19
47 83 119 106 46 69 116 114 46
68 29 26 69 60 34 87 23 28
85 97 14 60 30 66 66 73 51
-27 20 16 -22 0 -18 4 25 3
58 46 177 13 36 107 145 188 109
205 116 139 44 95 5 242 78 65
183 46 163 242 51 28 176 90 122
184 231 164 153 204 177 135 251 22
214 21 6 199 167 218 69 26 146
178 110 19 252 107 156 176 162 93
34 30 65 30 73 37 33 17 46
13 19 -18 -8 -10 18 -1 -14 -1
1 3 3 3 2 3 1 1 1
88 27 73 111 31 76 8 96 35
27 -12 5 -16 17 -19 -5 7 22
79 -60 53 -20 40 -79 86 92 -30
55 50 65 9 19 29 22 59 23
18 -12 -14 -10 -2 -6 -24 15 0