37 30 143 29 126 130 52 150 120
-27 15 -13 19 -6 -20 6 26 3
82 71 70 40 120 119 54 99 65
66 59 45 76 18 51 63 29 67
91 76 36 93 64 61 30 78 96
-22 7 13 12 -13 -17 19 -1 -28
182 225 11 156 161 108 171 0 251
92 92 92 167 91 162 231 33 35
133 122 4 70 45 188 65 0 102
132 5 40 38 83 100 66 65 19
166 200 162 221 15 169 91 121 63
102 95 233 184 249 154 105 245 63
59 6 7 33 71 72 76 74 17
-2 -19 0 -20 -4 20 16 -17 -17
1 2 1 2 3 2 1 3 2
75 60 51 48 48 61 36 40 119
-27 23 -12 3 -3 2 -14 3 5
76 117 78 -53 98 44 -45 -27 9
61 3 25 15 73 28 37 26 42
27 3 -6 23 -3 26 28 11 -18