87 78 78 26 110 42 69 22 70
-2 -2 -13 -4 18 -21 -25 -29 25
107 43 116 89 40 42 57 73 36
62 41 42 62 63 16 63 27 65
88 8 70 32 88 31 79 64 33
-7 -27 -22 -5 20 -19 30 -16 -14
124 4 97 171 36 27 58 44 213
165 24 33 5 52 144 22 209 154
24 168 6 240 127 37 249 248 226
232 227 91 184 1 201 70 19 119
132 109 10 107 170 100 204 59 217
197 71 28 56 209 182 192 222 203
46 66 50 28 45 67 9 72 23
14 4 -7 15 -15 13 14 15 -14
3 3 1 3 1 2 2 1 3
45 117 78 54 45 14 1 93 6
29 -19 -9 8 -1 7 18 1 -17
-6 -80 118 -32 78 104 117 59 -7
35 71 76 1 42 30 61 17 4
1 16 9 12 12 15 10 14 -27