20 73 61 139 84 48 60 40 64
-23 -17 -15 6 -4 -21 -14 1 -2
112 39 72 50 103 67 71 105 79
68 39 55 16 24 27 64 71 45
9 50 37 10 17 60 99 29 31
7 -30 19 -13 -28 -17 18 -6 -11
153 82 189 86 37 172 220 125 205
18 11 138 102 209 224 216 132 244
77 174 16 156 34 68 179 184 222
104 197 229 51 155 48 175 70 16
46 120 151 57 161 217 84 92 159
138 111 192 74 245 215 232 150 1
77 34 77 30 35 7 11 31 26
18 -7 -16 7 11 0 14 -11 15
1 1 2 3 3 1 1 2 2
87 80 21 38 63 31 53 39 54
6 1 -20 -5 19 -7 15 -21 21
62 -81 94 -115 48 -92 14 1 23
52 48 53 12 78 36 66 15 79
-12 22 30 -28 -6 -15 23 8 -17