92 140 90 116 114 84 74 149 46
-30 12 -30 20 26 -3 -4 -14 -29
92 60 74 42 115 105 83 90 91
57 60 21 29 27 76 75 65 46
56 18 58 39 85 95 77 61 34
4 -26 -6 -21 -4 24 11 16 22
93 152 120 131 27 115 232 127 85
91 215 7 187 7 196 88 55 231
241 88 159 14 151 250 124 234 179
72 44 152 36 193 218 40 9 61
170 224 208 125 152 145 127 237 108
63 182 142 209 145 232 246 196 196
15 14 20 24 34 30 35 13 19
-13 14 -12 -8 11 10 -19 5 -20
1 1 2 3 1 3 1 2 1
103 7 11 29 8 80 59 51 100
16 -25 -17 4 -12 7 -9 -27 3
7 -112 48 59 -65 48 -95 91 8
40 71 49 25 12 64 77 70 24
-10 -20 -16 -24 -23 23 -1 28 -4