47 106 134 138 111 51 92 132 132
-6 4 26 -24 -27 12 6 -1 28
64 77 101 35 73 91 45 85 40
79 79 30 62 39 88 41 80 59
8 14 45 58 33 96 42 59 66
-6 -17 9 28 17 7 21 -3 -8
85 252 147 14 197 186 109 246 78
16 255 204 241 242 123 201 12 108
133 195 76 177 147 17 194 188 82
11 96 45 221 41 231 215 29 8
4 95 118 87 254 31 68 38 43
40 194 194 126 247 232 149 162 159
21 13 2 64 55 63 64 55 49
-4 7 -17 -4 7 -1 3 5 -2
3 3 2 1 2 1 2 1 3
78 19 0 84 74 91 50 33 112
29 11 28 -4 6 -4 -12 7 -11
21 94 -84 -106 -98 0 91 -84 -19
22 24 30 43 62 72 67 17 22
28 22 24 12 3 2 -26 12 1