123 141 127 25 125 140 131 87 100
-5 10 -30 7 -8 17 21 -13 16
94 53 105 101 34 35 101 108 102
26 31 75 52 45 81 45 35 73
80 61 28 97 61 87 84 65 17
-6 28 -20 9 30 -19 -10 25 6
72 13 250 4 166 8 248 98 116
172 60 45 22 99 237 175 247 93
114 0 12 200 48 219 24 226 74
254 53 105 189 224 30 18 39 250
123 96 240 23 226 245 100 156 189
131 154 116 19 86 50 41 78 23
75 11 34 32 14 11 15 58 70
5 15 16 -1 1 -12 -12 -12 -19
1 1 3 3 2 2 3 2 1
55 23 71 31 99 40 73 46 26
11 -6 -13 24 -11 -13 0 -16 -28
100 -110 92 -1 53 -120 98 -111 -34
66 53 72 1 0 41 70 9 68
-25 30 -28 3 14 6 24 -13 -14