58 122 77 110 143 103 91 39 61
-25 13 -27 -16 7 14 8 29 21
61 120 35 109 54 101 35 47 38
22 36 67 70 54 10 46 76 28
68 10 81 45 17 32 39 85 36
19 27 28 -21 25 30 6 -20 -22
124 198 11 48 114 82 49 52 67
15 95 58 13 182 247 75 77 85
109 55 174 128 94 62 175 83 168
96 180 101 48 81 197 5 162 121
165 207 26 75 160 179 79 218 252
216 59 221 227 171 115 143 113 58
52 45 26 4 45 6 65 12 68
5 18 11 20 11 -3 0 15 -17
3 1 3 2 3 1 1 3 3
2 117 18 95 16 101 111 61 6
20 23 -21 6 -24 5 -1 24 24
-12 -93 -38 36 107 26 33 120 -45
62 7 13 49 76 31 79 14 7
9 -24 5 -10 22 8 -20 -25 -11