119 112 127 77 30 77 39 31 138
-5 19 -20 -14 30 20 4 30 11
31 86 76 60 55 72 97 58 104
54 81 24 65 33 26 88 79 38
52 48 42 89 83 15 97 50 80
9 9 -28 -26 30 0 3 27 -23
51 216 53 219 203 243 213 162 90
88 26 119 166 12 156 12 139 47
214 181 124 182 241 179 93 155 68
119 84 227 100 33 146 211 68 30
209 171 126 25 242 149 71 144 137
13 168 160 67 157 55 201 208 195
43 24 54 65 7 72 12 58 65
14 -16 18 -2 -19 -10 -17 -10 1
2 3 1 3 1 3 1 3 1
18 75 117 8 56 70 18 96 116
21 -9 -11 -23 -25 30 -1 16 -11
-61 18 26 -12 23 -111 43 39 29
72 59 44 41 10 8 64 21 69
2 16 9 -13 -23 -1 -10 21 9