24 49 112 31 103 96 125 70 43
14 -16 -8 -28 -16 -18 -19 -2 30
58 94 32 41 104 82 85 84 120
88 33 74 83 76 18 52 37 40
48 90 12 24 41 32 81 34 67
-7 -21 -16 -11 -29 -13 -29 9 -22
80 80 183 37 34 190 3 228 233
121 119 200 57 135 10 116 149 94
247 237 76 6 237 90 15 192 209
158 19 41 131 77 167 227 241 126
252 75 91 210 138 227 52 122 151
96 154 229 100 83 150 17 102 209
50 14 0 65 40 43 43 64 67
-2 20 17 -18 -10 -4 1 -8 -19
3 2 1 1 3 3 3 1 2
105 74 40 113 43 115 116 67 33
1 2 20 -25 10 28 -26 28 7
-13 -120 -79 -23 -18 52 -91 15 16
24 0 77 78 13 59 50 67 15
12 13 24 -30 -13 -19 15 15 -6