98 137 103 149 111 106 63 101 143
10 15 -23 -30 -11 -22 -23 -10 0
105 104 79 37 98 97 114 42 43
65 45 54 41 58 43 77 60 21
98 7 19 66 57 68 67 16 24
-16 -4 -13 16 -1 -30 6 -29 -11
40 223 86 112 191 87 118 162 101
195 133 93 46 235 51 248 35 170
104 167 234 42 145 84 55 246 150
102 94 90 70 130 11 230 135 190
20 81 1 32 152 147 17 239 222
198 221 34 50 156 159 159 216 192
7 48 0 13 49 70 48 71 48
-4 16 -1 -9 -12 7 -12 14 10
3 1 3 3 1 2 2 1 1
54 60 9 33 97 108 26 71 20
24 -6 -15 -5 -30 -16 -8 3 -29
-92 14 -22 44 109 -97 17 57 24
30 58 11 78 31 79 15 12 73
-25 -27 -17 -22 -6 -3 19 23 -29