84 109 119 112 65 116 128 94 45
-11 -10 21 -26 -4 -18 10 15 28
106 73 97 81 73 93 33 64 85
51 31 90 57 49 64 47 43 22
40 15 26 47 8 38 50 91 77
-14 30 -10 30 -13 14 -2 -15 -27
31 86 163 33 160 109 68 63 48
79 164 243 147 19 214 110 244 129
113 111 250 51 217 181 61 93 30
176 221 242 217 233 48 175 58 174
210 129 98 167 49 137 159 46 114
44 143 130 150 80 131 16 48 227
22 4 45 37 65 50 36 40 0
-6 -8 8 10 -2 6 -13 20 -11
3 2 3 2 1 3 1 2 3
30 2 105 73 13 113 65 54 26
-13 14 -23 -13 11 10 -25 7 10
83 58 -80 -15 -28 -30 -107 -31 42
44 67 51 66 75 32 8 7 66
-29 -20 -7 -27 24 -8 -25 -17 4