75 20 106 77 61 140 58 134 48
-10 -30 24 -11 23 12 29 7 19
69 116 120 39 44 113 99 69 92
44 46 26 15 52 82 84 78 79
74 15 46 98 57 90 33 39 88
-11 -21 -24 28 -8 -12 -4 -30 4
254 22 118 81 54 35 242 185 152
203 201 194 187 179 24 230 150 6
48 8 106 161 148 232 163 136 54
80 206 253 68 28 159 195 189 77
52 126 144 30 244 108 69 119 199
201 170 73 208 204 19 67 230 102
75 5 55 21 43 38 71 77 26
1 -12 -9 -4 -17 15 11 -4 -8
2 3 3 2 2 3 3 2 1
7 27 36 22 44 89 1 15 88
6 -27 -14 -14 -18 -21 21 12 -8
120 -11 -110 31 7 77 5 -37 -6
56 79 47 44 20 56 42 9 76
-14 -4 -3 -8 13 -24 -3 27 28