130 28 75 144 45 105 60 139 92
25 10 -4 -20 -6 7 1 -27 17
59 91 101 74 59 63 97 107 103
81 52 23 43 88 78 69 25 85
30 71 91 66 98 49 90 77 14
9 27 -21 13 -24 8 3 -5 26
101 161 75 234 15 108 103 131 119
114 16 96 237 56 32 180 23 221
89 89 19 255 176 142 150 65 104
20 179 18 13 70 200 218 212 142
57 18 16 85 255 64 178 214 191
54 180 190 76 180 205 88 69 108
32 68 9 62 18 17 77 28 64
-18 19 2 19 9 -1 -15 -3 -18
3 1 1 2 2 3 2 1 1
99 43 47 90 18 18 38 76 51
4 -16 -6 -21 15 21 -24 -16 13
103 -44 105 56 28 92 -34 -96 -73
35 69 23 61 29 41 67 35 44
5 -25 24 -19 -2 -22 30 9 -6