126 111 130 100 136 40 35 38 77
-14 13 4 -3 19 26 19 -27 13
69 54 90 109 115 52 46 56 116
14 54 77 87 46 23 62 24 50
29 59 42 79 32 13 57 47 9
-27 19 7 8 16 25 -30 0 -10
41 85 130 145 192 25 10 238 150
168 246 220 235 244 118 52 164 184
127 146 90 187 223 220 41 38 195
125 103 33 67 159 122 100 39 42
68 144 58 89 210 114 251 66 89
2 235 193 143 228 84 14 186 119
29 25 24 8 28 23 30 34 50
-1 -5 1 2 -14 15 -13 12 4
2 2 3 3 2 1 2 2 3
13 6 20 120 18 5 77 20 35
21 -21 21 14 7 -26 5 28 -28
42 -35 -93 96 112 -14 -70 47 -94
14 71 12 40 29 55 4 34 75
25 -18 -19 -12 -16 25 -13 14 0