135 109 31 52 79 91 26 82 58
-1 -26 -9 16 -4 24 -2 15 -9
60 64 91 75 83 89 42 76 119
88 36 17 10 16 90 84 78 20
10 44 100 39 45 61 92 29 76
-7 10 -9 21 -9 -21 -13 24 29
138 91 184 98 2 119 106 213 104
155 166 37 51 6 165 241 227 126
167 144 47 32 12 175 136 81 16
134 254 244 105 100 157 189 234 212
181 171 84 68 13 77 188 226 105
210 96 151 182 81 21 243 249 234
5 3 54 18 74 33 36 42 63
-16 19 14 -3 -13 19 3 -2 1
2 1 3 3 3 3 1 1 1
91 49 5 82 22 7 99 54 16
26 7 -17 24 3 0 29 -6 7
89 -42 -44 90 -110 -12 60 2 36
43 32 22 71 29 57 15 38 28
-2 -9 7 -8 -6 -11 -8 24 30