71 122 133 80 98 124 90 67 87
-19 -23 -25 -30 -17 28 -14 1 -10
119 55 99 100 61 43 53 120 46
12 30 33 80 32 84 81 58 24
56 11 43 70 81 52 58 71 43
4 28 21 -2 -13 -15 10 -22 -29
234 164 14 195 70 60 171 146 13
123 2 243 105 151 255 108 139 97
143 61 7 171 106 146 42 8 41
238 100 219 248 161 38 30 4 87
168 69 22 242 135 90 97 114 82
163 150 146 156 242 65 83 114 219
18 62 17 73 66 40 66 14 26
-3 -7 4 3 13 17 -10 -18 10
1 3 1 1 3 3 1 2 3
76 67 119 84 37 22 104 49 41
8 -26 12 -24 -12 0 14 18 -15
40 4 -20 -2 -51 -92 -49 -16 106
34 10 64 39 7 2 28 59 27
7 15 -4 6 6 8 21 23 -2