86 47 126 143 103 25 79 50 58
-7 -28 -30 -2 -1 -16 6 11 6
71 100 106 85 108 61 104 95 52
19 32 63 23 81 24 56 79 15
68 19 31 34 36 66 41 52 98
-8 23 -12 3 14 -22 18 17 -2
241 116 35 170 47 0 99 40 115
118 3 87 159 251 177 249 240 5
12 12 243 161 187 183 17 74 102
38 164 195 38 31 87 117 139 191
112 138 152 137 167 34 200 102 20
219 218 131 246 212 111 188 161 134
11 25 6 17 9 8 16 1 21
-10 -3 16 -13 2 -1 -4 18 -10
2 1 1 1 2 3 2 2 1
34 4 51 55 96 74 63 0 105
25 24 -2 -12 20 -12 26 -28 16
-12 -105 102 -63 50 -84 -114 23 1
2 44 78 46 34 51 19 51 61
7 -18 -21 8 -10 22 4 -6 -16