150 95 89 65 33 90 35 136 62
7 22 -10 11 6 -3 -29 26 24
95 116 30 35 62 53 63 76 105
29 54 77 19 21 24 42 28 58
66 25 39 48 45 29 93 88 17
-13 8 30 -21 24 -7 27 -3 -4
166 124 115 133 94 199 82 185 246
106 146 241 58 44 158 132 250 112
137 224 156 131 198 252 13 27 226
89 224 135 28 146 160 250 152 43
76 58 14 60 180 60 160 33 105
190 44 62 95 204 48 51 84 174
70 42 21 1 60 11 39 5 71
-9 -11 12 -10 8 18 -7 -19 -8
3 3 1 1 1 2 2 2 1
44 48 20 14 64 37 81 90 105
0 15 -19 -26 10 -4 -8 3 -22
-61 -115 102 83 -101 -119 -101 -6 100
19 21 58 8 79 61 36 48 53
-19 -27 -1 7 19 -5 6 12 -27