52 20 83 148 97 116 21 117 116
-14 -22 -14 22 24 -1 7 -1 18
32 76 58 43 118 59 49 74 36
46 73 59 24 63 38 21 89 78
27 55 40 16 53 16 94 15 41
26 12 -23 8 -29 22 -21 2 -26
81 232 224 215 10 245 196 74 136
98 0 6 117 200 213 5 212 193
190 26 220 172 128 233 107 238 175
180 124 185 109 3 216 162 116 56
234 56 130 52 70 60 149 239 120
78 13 154 232 21 123 80 188 238
21 59 18 33 54 21 5 70 14
11 -13 4 9 -12 -18 -1 13 18
3 1 2 1 2 2 1 2 1
53 87 14 112 35 59 98 97 12
24 10 22 15 -11 -21 -25 -30 -16
100 50 -95 -5 119 -115 19 56 -113
45 52 57 14 50 0 76 63 63
25 -20 19 10 5 26 25 -27 26