140 52 103 95 108 49 141 46 56
4 5 5 7 -4 -14 -8 -27 9
107 95 58 42 55 55 48 32 62
90 69 70 19 30 42 18 10 73
75 39 33 34 30 11 61 43 51
-10 -13 14 -12 -29 19 -13 2 -24
254 60 27 151 79 10 151 75 201
82 14 13 183 124 106 232 206 181
96 55 206 255 153 189 3 184 137
109 85 212 171 48 169 7 117 197
160 88 105 73 116 227 70 237 87
236 47 29 6 157 142 12 217 103
43 2 46 74 8 34 39 20 22
-4 17 10 16 3 19 3 -5 -11
2 3 3 2 2 2 3 1 1
24 6 85 61 56 6 31 102 117
22 -13 -24 7 -11 19 -15 24 15
73 -2 -39 -86 6 79 -52 -111 -18
60 30 50 43 61 60 28 2 79
-17 2 10 1 25 -4 -5 -2 3