132 57 54 85 135 25 20 109 135
-4 8 -26 13 29 20 9 -6 -23
110 116 78 95 50 88 102 50 96
66 42 70 40 58 23 78 33 16
34 98 18 52 32 92 80 92 77
-20 24 3 -17 7 -3 -23 26 28
139 38 202 245 35 90 107 38 18
47 219 101 170 79 119 142 124 249
126 191 146 166 252 107 195 200 91
221 41 29 89 45 107 106 44 18
198 86 126 214 140 146 115 187 29
239 121 182 138 146 174 4 165 10
4 51 31 41 55 11 43 41 32
-19 10 -5 19 20 17 19 17 -13
2 3 3 3 2 1 3 1 1
19 18 22 96 69 73 99 13 38
-20 9 21 12 30 -5 21 0 -24
16 -115 -98 -37 -66 17 40 -91 90
80 34 21 74 50 15 14 47 15
3 -3 13 -15 8 -5 20 -15 -26