91 150 77 98 99 26 83 51 71
25 20 15 4 29 -25 -18 1 -6
120 74 80 102 116 99 33 32 117
26 77 28 59 68 39 12 43 73
84 58 91 61 77 48 45 31 65
-12 7 -16 20 25 -29 -2 4 -20
245 84 184 37 246 54 96 177 184
126 231 54 38 227 114 109 87 96
127 243 116 106 26 6 243 250 190
237 128 146 90 206 48 228 87 231
237 216 238 6 160 4 62 210 225
17 229 23 145 226 239 33 245 221
44 76 79 58 50 49 47 25 66
20 2 1 -12 6 1 8 7 0
1 3 2 2 3 1 1 1 3
30 22 107 24 27 65 47 81 56
25 -24 5 -9 17 -21 23 -28 4
83 65 -65 108 58 34 -1 -109 6
4 75 14 17 64 6 18 41 77
-17 -27 -17 -19 -29 -9 29 5 -4