106 137 20 68 137 39 65 112 71
5 26 25 -2 -29 18 -26 -6 -17
100 91 71 109 58 64 58 68 90
84 54 70 79 83 76 69 88 80
19 56 81 9 93 80 84 34 66
25 -27 -20 20 -8 -26 -5 10 -6
105 163 109 207 20 107 26 3 25
179 5 118 185 95 168 59 40 241
18 102 25 22 67 39 185 189 207
81 30 146 54 118 232 129 247 111
255 76 58 65 36 6 37 137 67
224 27 183 6 90 190 0 192 239
62 59 48 72 18 12 16 42 73
-14 -11 -5 -15 -20 -2 -20 -7 -9
3 2 2 3 2 3 1 2 1
85 51 29 104 75 77 3 102 111
-27 28 -13 -7 -5 -20 20 5 27
-23 -57 -3 -107 -17 -72 -74 -51 -8
23 14 59 40 47 24 73 7 10
8 -27 -23 15 15 7 13 2 -8