24 62 105 109 48 20 38 78 69 
11 20 24 10 9 9 21 9 1 
26 51 61 48 67 78 68 15 58 
59 65 26 66 69 48 71 63 53 
25 39 66 47 37 48 38 89 48 
-13 -20 1 28 -11 -20 29 -2 -15 
100 169 24 22 15 216 64 224 235 
15 64 158 184 237 248 170 35 204 
97 185 20 180 131 202 119 82 246 
29 183 82 6 63 224 191 81 95 
15 166 28 59 47 155 122 51 71 
116 63 48 141 236 195 246 241 172 
46 73 8 50 76 79 10 69 15 
1 4 13 4 14 4 -15 -14 -18 
3 2 1 3 1 2 2 1 3 
90 14 89 56 109 20 65 115 79 
26 12 19 17 13 17 20 23 24 
50 -65 66 -25 45 -7 57 101 -60 
16 6 34 2 16 9 51 54 1 
-24 19 17 2 -29 29 -8 5 -27 
