-3 103 149 107 85 137 69 61 131
24 2 25 7 30 14 18 4 9
0 30 45 61 99 59 96 100 93
66 87 70 32 30 82 17 63 64
46 23 11 72 47 10 44 57 99
28 -22 -1 -8 -13 11 -16 22 -30
83 12 169 103 223 0 196 198 118
70 156 33 27 65 81 176 74 184
167 73 160 169 52 213 87 220 247
130 218 26 230 145 142 72 60 72
249 76 228 232 214 63 0 117 168
140 224 201 105 22 0 179 65 45
62 17 25 57 64 11 69 27 47
1 -7 -15 -20 13 -8 -4 -17 8
1 2 2 2 2 2 3 3 1
35 97 81 61 74 21 39 110 87
26 29 16 24 30 11 20 24 19
44 1 21 -43 -99 -88 -21 -104 -46
4 71 37 12 63 41 44 22 51
5 -19 21 -29 -6 -4 16 2 30