73 40 111 101 113 65 126 90 117
-9 24 -28 27 -30 28 0 -19 13
31 92 72 76 99 36 113 59 67
14 89 36 84 75 10 39 77 37
15 38 58 91 15 57 12 69 70
-11 -13 23 3 15 6 28 21 -29
1 4 138 82 75 187 238 48 240
207 185 181 11 72 172 180 87 250
56 242 208 92 68 11 53 22 134
97 69 12 61 99 239 21 86 46
127 16 47 161 232 168 4 52 8
175 81 115 249 182 23 120 149 96
69 80 36 79 33 57 56 14 37
8 -15 -9 16 14 -2 20 4 4
2 2 2 3 2 2 1 3 1
50 105 36 18 49 64 57 13 116
-10 28 -29 23 -22 21 9 -2 19
-24 -43 -115 83 -51 18 100 -105 -104
63 41 30 42 71 27 7 64 61
-13 -15 -23 -1 3 -27 5 -15 4