46 32 71 120 48 40 64 127 43
17 30 30 -1 5 -9 19 24 -17
114 93 33 87 94 66 40 57 55
21 88 51 89 75 59 12 71 90
47 70 31 42 69 58 99 49 23
-26 7 -7 -3 -28 15 -29 4 -19
113 162 215 232 83 4 5 61 199
222 119 164 166 146 64 72 3 22
80 73 241 2 109 60 15 140 241
149 189 148 28 79 167 93 247 55
120 184 161 150 163 161 170 56 241
210 165 208 110 137 203 216 93 194
66 18 43 39 71 34 8 69 7
14 -14 0 -16 -11 0 -11 -6 4
1 2 2 2 2 2 3 2 3
112 48 104 47 21 116 26 67 68
-12 11 -7 30 0 26 -21 -18 -13
-45 112 -58 -38 -75 29 -73 -48 65
1 71 36 57 61 78 50 77 39
11 9 1 -27 16 -17 -2 -15 8