33 87 24 150 40 143 117 25 46
-17 -28 -7 6 12 29 -18 -29 -5
63 39 42 58 101 86 35 92 72
43 37 63 20 40 34 87 14 80
27 46 58 86 60 80 71 74 71
-15 10 -18 -15 14 -2 24 15 11
220 180 19 84 82 238 28 218 89
28 216 186 113 40 160 48 23 76
4 252 86 115 221 11 16 36 238
64 69 199 184 10 2 37 59 118
144 94 95 155 156 28 107 81 235
132 132 56 235 97 145 219 205 124
2 56 5 1 17 24 63 53 44
12 10 3 -2 -11 12 -5 -19 -4
3 2 2 1 3 3 3 2 2
118 38 16 70 34 72 109 25 62
-9 -13 -9 12 0 -18 28 20 -26
81 -80 28 -56 65 113 90 98 51
43 71 61 66 58 66 39 28 4
21 -2 -30 -20 18 -5 -21 -13 3