70 25 82 89 99 136 98 129 106
-15 -2 22 25 25 -7 2 -6 3
119 92 91 96 44 51 68 107 114
54 10 29 16 28 14 38 81 49
89 49 94 44 55 87 81 52 42
-17 9 -9 16 22 -11 -19 -29 -11
28 236 43 165 250 9 253 128 101
201 201 199 59 231 62 223 57 108
34 218 43 61 17 105 134 21 220
226 36 72 180 241 215 98 123 4
164 216 124 222 218 146 131 95 226
12 132 127 9 82 12 172 66 71
72 52 4 50 3 69 62 33 49
11 3 0 -8 8 9 -1 9 17
2 2 1 1 2 3 2 2 1
2 54 95 60 95 6 53 63 1
0 -29 3 10 1 28 11 9 28
-70 59 24 94 -67 -68 106 56 69
13 79 48 27 49 32 17 33 40
-1 0 -20 3 6 21 20 19 -4