131 138 107 58 59 87 131 117 111
-1 16 -10 -17 25 30 14 30 -5
110 100 34 118 31 43 90 81 100
90 87 63 46 20 75 66 21 11
43 50 32 68 55 78 70 66 53
26 13 -17 0 3 -10 -24 -16 21
170 254 94 64 177 134 28 238 12
172 189 95 46 5 77 160 135 15
201 165 50 223 104 162 1 42 78
30 212 141 23 220 5 66 254 97
41 163 185 198 59 90 156 133 154
160 25 229 86 72 76 58 104 141
28 78 77 37 20 72 70 11 68
-12 -12 -20 -1 -4 4 10 15 -17
2 1 1 1 1 2 2 1 3
20 106 42 101 5 65 104 103 111
-5 -17 4 -11 23 -25 -15 5 18
-49 20 -40 55 9 -91 79 -66 99
7 32 0 52 27 7 11 78 0
19 25 -16 -16 -4 18 -9 -21 0