113 23 135 136 113 150 57 127 27
-17 4 -21 12 -30 4 10 20 30
55 57 90 68 41 74 75 118 86
49 73 85 50 61 82 72 69 54
76 69 56 46 5 93 99 5 12
25 -16 3 -21 -15 1 22 21 23
80 218 99 106 179 171 86 13 8
182 179 55 119 117 11 34 175 123
74 199 78 202 92 122 128 140 251
152 203 133 84 55 167 196 72 160
184 167 17 167 165 226 86 76 154
60 156 105 100 158 116 115 152 159
20 14 79 54 23 72 34 44 46
19 13 -11 -20 2 -13 2 20 20
1 2 1 2 3 1 2 2 3
6 0 6 6 71 6 15 99 34
28 14 7 -7 -28 17 -5 -8 25
-84 94 -85 105 109 78 -60 -61 30
26 68 63 28 36 71 75 7 46
23 -16 23 4 -17 -16 26 -3 -25