30 75 61 98 107 147 124 57 116
11 -20 16 18 -12 -2 -8 -16 -10
35 84 60 33 49 60 115 87 33
45 43 45 46 84 46 88 36 65
48 20 74 59 14 63 68 5 34
15 22 -25 20 -7 -30 4 -29 29
194 108 207 200 157 6 168 115 230
252 128 243 242 66 203 113 43 217
168 147 40 10 71 60 255 191 218
89 54 16 70 95 130 236 249 23
123 194 85 70 86 157 185 12 49
10 150 235 101 241 182 108 68 1
36 11 9 77 4 13 39 3 78
13 -10 11 6 -1 -8 3 -3 -7
1 1 1 3 3 2 2 2 3
13 102 1 91 84 92 16 82 112
0 -10 13 -10 -2 13 19 20 12
118 21 45 -67 45 70 -110 53 108
12 44 40 28 12 80 11 65 69
-19 -23 3 6 20 -9 21 -13 13