71 77 127 74 103 36 20 29 90
-6 -15 -28 20 -9 -5 -7 -6 9
32 30 117 88 120 94 44 90 77
90 48 27 55 42 43 74 47 48
41 82 51 60 20 69 75 77 77
-1 -22 18 29 -16 18 20 -30 -14
75 27 139 144 101 150 209 116 212
44 206 41 18 160 176 49 246 250
235 249 47 95 29 20 193 9 227
227 9 74 64 42 198 36 50 214
225 186 240 115 23 41 233 40 128
1 142 120 92 97 184 239 210 171
32 40 6 15 56 16 28 29 42
-7 8 9 -20 14 7 16 -4 6
3 3 3 3 1 3 2 3 3
99 30 28 66 12 120 26 18 17
14 -30 -26 23 8 -2 3 -19 -21
-81 -76 -4 -74 -89 -32 -9 77 -47
34 24 78 60 64 20 2 1 41
-8 -28 28 -26 -12 13 -25 1 27