80 78 85 92 52 104 126 28 41
-27 -30 -23 1 -28 15 18 12 11
55 120 76 110 50 96 91 114 53
39 85 60 33 68 16 14 25 12
34 40 89 25 93 37 23 30 38
-7 -5 28 -14 -14 11 28 27 6
105 247 161 57 87 161 104 183 184
191 160 207 41 60 71 17 199 201
76 121 144 189 125 22 136 126 130
233 70 166 225 165 169 12 237 225
90 44 22 245 200 100 172 34 100
218 187 113 92 95 142 195 230 58
11 55 79 66 68 21 42 59 21
9 1 0 -1 -18 -16 15 0 -13
2 2 2 3 2 2 1 1 3
51 46 102 32 72 57 91 57 35
-11 -17 -8 -11 23 -2 -11 6 -25
-25 -18 13 84 116 6 -47 5 -43
11 64 11 9 35 75 68 69 76
-18 1 -12 -15 6 -23 -2 -2 4