65 27 37 38 110 81 95 101 145
-9 10 -3 -30 -9 7 -29 -22 -16
88 79 42 100 95 95 94 37 112
29 42 66 70 52 87 22 26 43
7 14 35 20 44 70 53 43 33
25 14 -26 -24 2 24 -19 -28 5
43 223 172 87 206 102 46 166 190
187 85 24 71 10 207 253 134 105
131 0 84 201 187 236 200 46 21
104 27 31 246 64 223 12 46 58
45 113 106 229 82 77 66 69 173
78 237 18 63 201 247 200 229 227
0 35 44 37 12 2 54 14 19
-5 12 18 20 -20 16 -17 -18 7
1 3 3 3 2 3 3 2 1
87 34 35 47 63 113 52 74 42
5 23 11 24 -7 10 4 26 0
-12 106 69 89 58 26 50 0 10
35 26 18 46 60 36 72 14 66
27 21 25 8 -25 25 28 27 -2