132 65 80 38 145 76 127 150 79
19 30 19 9 -24 28 7 24 -18
117 113 57 40 78 53 36 87 80
48 12 83 79 54 65 24 57 38
74 85 42 74 76 57 65 43 81
-16 30 -4 -20 29 -9 -26 25 13
255 13 94 151 38 114 208 194 232
45 66 239 70 162 138 85 210 214
69 202 205 49 80 45 106 159 7
32 44 209 44 12 68 230 28 246
42 118 26 32 252 168 215 52 148
183 33 40 201 239 141 137 68 82
28 52 13 60 78 50 5 69 52
6 20 -18 6 -6 10 10 -17 0
3 3 1 1 3 2 3 2 1
65 26 68 80 16 99 16 39 83
10 -6 2 -4 -24 21 -29 20 2
-66 48 19 92 -79 80 115 9 -77
30 50 50 26 79 30 1 31 73
-28 -20 2 30 9 -28 -21 24 0