36 46 35 59 149 89 127 20 41
-22 -15 -22 1 -24 12 18 0 27
51 51 33 62 100 118 34 101 103
70 15 75 10 39 56 49 78 59
80 36 72 21 86 73 98 73 100
29 30 0 10 -26 8 -12 0 -19
86 68 147 231 109 7 111 98 90
137 91 117 8 59 184 29 213 40
1 197 28 221 194 27 172 160 131
186 117 96 36 24 146 131 12 91
132 91 242 157 18 218 145 77 185
84 31 23 150 71 27 182 193 157
10 69 32 55 7 10 65 57 46
-13 -5 5 2 -10 1 0 -2 10
2 3 3 1 1 2 3 2 3
60 46 116 98 84 67 89 89 107
-4 1 16 -9 6 21 24 -19 9
55 -47 24 115 -102 -36 -101 72 -92
40 53 65 57 62 34 57 52 23
-19 -2 5 -16 -21 -25 29 3 19