138 100 58 144 67 101 28 39 141
1 -24 -10 -4 14 -15 -18 14 -2
60 47 43 54 71 68 84 82 113
57 50 16 16 13 73 27 50 62
78 39 38 62 88 29 74 45 79
17 23 6 -20 -16 -28 13 -3 -15
153 25 242 47 170 141 229 246 130
127 21 161 61 82 114 226 89 127
166 254 148 21 237 144 80 214 31
102 141 164 106 105 113 64 9 84
53 180 172 1 187 29 251 134 71
214 131 95 249 229 27 145 110 130
40 38 74 53 21 40 49 66 14
-2 4 15 11 -2 16 17 -14 -7
3 3 3 3 3 1 1 3 1
57 33 80 86 21 50 56 116 40
-8 25 -29 -12 0 -28 5 -17 -22
43 89 97 48 -13 -91 82 75 -89
23 56 27 54 3 30 29 4 57
9 -13 -11 30 24 -15 -9 14 -20