69 70 77 92 33 42 88 134 28
10 14 29 24 -15 5 15 -6 -13
82 99 107 114 39 55 43 92 95
89 32 85 75 56 11 20 54 76
57 16 97 43 17 51 30 48 30
16 -30 -9 -10 -19 5 -24 24 -8
211 112 22 30 189 227 113 204 194
176 248 110 147 103 145 162 132 71
228 236 246 122 187 224 132 242 229
87 69 110 251 242 65 42 205 179
111 105 183 14 168 166 210 7 7
179 31 68 97 86 31 54 129 109
73 9 68 26 28 79 41 15 48
-15 -20 -5 19 5 7 7 20 -13
3 3 3 3 2 2 3 1 2
111 50 84 77 37 98 104 9 84
22 -20 15 25 -3 18 25 26 -23
-12 70 46 103 10 -55 55 49 -11
71 21 21 49 26 34 3 51 54
-7 -1 1 3 -27 21 -21 19 -23