111 145 71 65 20 82 114 129 111
24 -12 -22 -21 11 3 1 -1 -14
70 64 119 116 91 92 42 37 82
36 39 47 16 59 87 56 12 71
52 12 12 9 19 15 59 6 8
-23 -19 23 -12 0 28 15 -26 -2
202 23 31 28 130 8 249 205 48
0 8 120 104 7 241 62 7 69
176 31 107 72 26 10 91 233 141
185 242 245 114 5 71 23 11 10
130 211 143 186 23 73 49 20 246
143 192 202 236 135 8 222 120 84
74 47 13 65 67 3 2 73 29
20 -13 8 -20 16 -11 9 -10 -7
1 3 2 2 2 1 1 2 1
30 1 21 113 81 2 21 75 50
-8 4 17 -13 30 -20 -6 -13 3
-12 99 10 -111 31 120 -62 -70 78
11 37 72 24 32 7 2 9 66
-5 -17 24 -23 -20 9 -9 26 -14