117 53 146 21 127 26 99 44 38
5 13 19 -24 13 1 -4 22 -23
111 111 31 57 60 66 66 70 41
38 67 52 36 67 61 24 83 37
98 17 54 75 62 94 77 92 40
-3 -8 16 -12 24 -22 -20 7 30
52 143 208 197 208 151 8 111 175
123 170 120 45 201 224 47 34 108
15 202 5 231 253 81 189 127 54
184 248 64 229 168 93 7 208 2
104 180 100 151 126 88 8 227 25
161 126 170 227 70 216 104 81 189
2 36 80 9 51 20 68 6 65
-14 0 -18 6 5 -20 7 8 10
1 1 1 1 1 3 3 1 1
111 64 113 42 41 47 115 2 71
-24 5 -19 30 27 -30 21 15 30
68 -47 -10 -41 -79 42 88 51 -47
41 62 20 78 1 73 37 70 77
21 19 14 20 -22 -15 13 1 -29