147 44 147 81 57 113 72 35 145
-15 0 15 -9 4 22 -1 -3 23
115 57 84 69 45 120 43 78 120
24 66 50 82 32 57 26 40 76
26 61 30 75 31 33 46 9 12
3 29 11 4 17 -22 4 9 -21
192 209 220 60 88 199 241 72 72
65 169 122 57 72 31 244 63 18
105 20 113 142 219 60 244 202 119
74 107 150 180 133 187 179 194 104
220 124 33 126 13 70 206 7 54
194 120 111 1 112 105 182 108 66
9 62 41 77 63 33 40 14 12
-7 5 1 -14 -11 15 1 -3 6
2 3 2 2 3 2 2 3 2
112 44 107 119 58 94 49 31 89
-17 29 15 7 -18 11 15 -15 -16
19 13 -92 93 109 69 -28 34 0
31 0 66 69 58 18 43 71 60
22 -29 -29 3 14 -28 17 -13 -16