55 130 138 21 47 59 116 21 63
1 25 -12 -19 11 -24 -12 16 -9
98 92 73 40 81 79 96 104 33
11 51 74 83 83 41 58 22 80
44 10 82 13 41 59 96 45 96
-8 -29 15 -8 24 10 15 -25 -13
73 203 220 163 76 164 65 226 19
79 204 30 79 237 165 218 1 233
47 59 25 218 154 51 203 25 180
100 118 235 179 48 27 116 70 153
153 2 31 56 68 72 209 159 94
26 131 221 95 150 84 213 211 169
68 32 45 65 79 3 28 70 73
-1 -1 9 16 -7 -8 -4 0 5
1 1 3 1 3 3 1 3 3
26 29 14 55 100 97 12 46 99
-18 -18 -7 15 -29 5 -8 28 -18
-104 -100 39 89 111 70 81 44 -116
17 26 54 16 56 3 30 79 72
16 17 -3 10 0 -16 7 8 6