117 71 129 55 94 24 69 84 81
29 25 29 18 10 2 20 4 21
8 61 39 52 59 64 96 44 114
45 87 27 42 41 40 75 10 21
84 70 26 22 28 65 96 50 59
28 -22 4 -8 9 11 -5 22 -23
83 247 134 116 36 148 21 90 96
166 82 50 208 175 231 246 192 31
227 70 30 106 173 147 87 42 238
183 134 241 220 180 188 107 238 221
123 76 228 207 133 194 83 210 4
183 224 27 2 101 144 57 46 45
3 76 37 38 72 66 15 6 47
3 -5 -2 -14 -2 20 13 -6 20
2 1 1 2 3 2 1 3 1
23 97 32 89 6 111 0 78 85
25 27 18 29 30 15 20 11 12
84 -44 -37 36 -99 -96 -21 41 52
4 25 34 71 35 26 44 46 43
6 0 21 30 -10 -25 -18 -15 19