97 39 106 93 62 94 20 127 32
5 -16 12 19 27 -18 -27 10 -13
71 33 73 108 71 58 35 55 91
26 55 70 63 24 86 30 59 15
50 11 80 46 12 33 6 15 36
15 -12 -19 -5 -25 17 6 21 -25
76 160 172 147 215 139 43 225 48
92 92 66 41 171 210 174 171 197
6 138 49 64 144 187 33 15 90
135 2 8 238 13 191 127 165 93
28 99 134 100 123 78 167 40 214
132 57 5 182 178 171 152 148 165
76 77 46 74 54 43 43 43 21
7 10 -13 -17 4 11 -1 -7 -3
3 2 3 1 3 2 3 1 3
60 45 2 57 82 4 95 77 69
21 -15 28 1 0 -5 20 0 15
-104 6 -11 14 -34 38 51 -120 25
18 23 7 53 2 48 77 61 68
-25 26 7 -8 -10 -12 -25 -19 -2