120 68 84 133 62 46 143 20 69
16 -22 14 -18 -19 -12 28 8 24
65 46 97 70 104 84 93 58 78
53 46 37 66 41 59 79 13 88
92 73 41 63 67 73 74 29 76
9 7 -15 -17 12 -24 22 -9 -13
41 84 225 157 100 48 141 182 7
218 162 135 255 75 254 82 183 194
191 151 164 82 24 7 57 145 183
217 195 183 124 177 95 157 87 106
127 171 95 246 255 191 116 248 247
175 222 64 202 60 211 65 61 100
75 59 1 41 63 58 50 57 77
-19 7 -15 3 17 -8 -11 8 13
1 3 3 1 3 2 2 3 2
56 59 24 82 27 44 106 70 110
-10 -1 8 17 17 9 -26 28 -21
-66 73 -112 117 79 1 -3 72 1
45 36 43 58 12 57 20 62 68
29 -6 -27 3 15 -16 28 13 1