20 109 102 59 31 33 102 92 129
-30 14 24 -10 9 -20 23 -21 -7
120 66 82 107 105 63 78 89 117
59 46 82 55 37 27 50 26 20
6 52 54 71 14 44 61 25 83
20 2 6 14 3 -8 -8 15 -27
119 208 192 85 217 147 77 126 190
179 6 28 139 31 145 192 241 46
8 95 136 58 203 68 121 215 1
71 199 180 247 180 223 100 168 122
136 97 14 234 231 35 222 200 99
59 75 13 148 93 76 42 6 229
75 41 80 77 5 69 45 65 9
14 20 -13 2 9 -4 -1 -18 6
3 2 2 3 1 1 2 2 3
43 99 50 31 77 7 106 23 74
20 -28 9 16 20 -13 -30 3 22
21 -107 117 90 110 6 -75 26 0
18 18 47 73 46 3 59 68 55
26 -13 -26 6 -10 -4 2 -23 13