115 53 69 38 42 73 140 116 119
-25 -19 24 -3 -26 13 9 1 -22
89 64 86 81 83 30 100 68 39
77 69 16 10 24 36 48 43 19
10 61 94 96 81 52 44 40 86
-3 29 -1 8 23 25 -4 -12 2
127 40 20 119 55 14 221 113 81
223 72 36 55 105 83 162 81 90
26 133 32 112 205 95 220 83 193
62 151 63 185 14 4 215 31 142
109 247 229 135 144 208 89 121 66
219 30 175 120 38 163 102 120 170
38 73 17 28 56 74 3 18 3
18 -19 20 -4 20 -15 -4 -9 -20
3 2 1 3 3 1 2 3 3
38 62 67 33 111 66 19 19 74
-4 2 6 0 -3 -14 10 25 14
115 -16 106 39 18 105 -95 80 33
78 74 38 71 47 37 15 39 51
11 28 17 9 10 -23 16 -17 1