128 70 97 144 33 108 92 85 86
27 2 3 -2 30 6 -9 -25 -14
102 96 35 40 37 47 96 94 64
84 17 29 43 44 28 60 43 66
9 66 31 41 100 94 55 100 57
18 19 27 17 -23 11 0 -21 -11
114 121 211 10 233 9 223 141 68
63 79 160 48 26 158 47 121 40
25 94 20 191 15 18 219 28 144
97 154 34 248 147 245 155 41 70
147 133 84 58 11 110 192 36 64
212 109 63 51 0 183 228 225 107
53 35 71 24 5 30 30 55 58
-18 16 -8 12 -7 -19 -7 -17 -17
1 1 1 3 2 1 3 1 1
64 16 49 85 86 27 60 49 0
17 20 24 1 -24 25 13 10 -10
66 -6 82 -4 45 7 107 -107 82
48 53 37 28 77 53 4 38 38
27 16 -30 8 16 24 -6 1 28