146 57 52 22 21 130 74 46 99
-25 18 -2 -21 12 -11 0 -25 1
77 107 30 47 84 71 34 69 80
56 27 52 42 27 80 16 56 42
89 39 96 61 33 79 25 22 5
29 -29 -15 8 19 30 -1 -10 11
115 232 143 67 46 228 42 245 200
11 206 29 70 48 251 98 52 30
119 139 217 95 241 201 202 208 216
108 233 66 18 252 33 32 153 153
233 229 27 231 141 71 122 146 190
63 53 215 66 224 32 242 207 231
66 80 58 11 71 22 43 66 75
-5 18 -13 -10 -9 5 7 18 -11
3 2 2 2 1 2 2 3 3
26 12 106 33 120 98 60 96 78
-2 -18 26 -25 -20 -15 -29 -19 8
-30 82 -64 64 -77 -51 98 -111 -103
28 50 74 75 69 26 9 52 2
11 -26 15 -29 2 -10 -9 -13 -8