123 85 106 44 138 53 33 37 31
-21 13 6 -15 22 19 4 9 -1
8 117 83 67 100 114 74 38 48
60 69 77 54 64 15 40 53 59
74 94 28 78 9 42 97 54 23
25 -21 -2 -2 17 -26 -17 26 23
72 192 65 108 35 85 173 201 91
10 114 144 91 106 253 158 28 253
169 46 194 180 46 163 224 43 41
16 145 245 220 131 79 7 28 121
146 14 66 34 33 4 204 182 162
156 5 69 173 96 246 154 227 84
29 69 74 2 14 18 22 77 70
14 5 5 16 4 6 -18 -19 13
2 2 1 3 3 1 2 2 2
26 34 60 84 58 85 67 77 45
-7 18 -18 -11 13 -17 16 -5 -5
-112 -22 99 -36 77 13 -62 -23 78
2 10 9 13 9 12 70 56 73
8 -13 -13 -24 4 -13 20 24 -14