97 131 38 94 101 22 149 150 82
-24 11 -24 -6 -27 -27 -23 -15 -30
53 65 77 70 77 79 75 115 96
13 18 74 75 64 89 77 45 48
33 74 89 16 11 73 73 53 19
10 1 -2 -22 -16 -26 -24 -18 -30
189 129 223 122 208 14 193 7 89
184 193 41 232 176 0 41 210 148
43 84 99 211 197 95 159 166 37
104 111 26 203 30 62 227 50 36
244 22 115 51 78 128 99 108 178
96 4 58 190 66 250 16 224 2
58 64 3 49 44 63 36 47 28
2 10 -10 -18 -3 -16 -2 9 -16
3 1 1 3 2 3 2 1 3
106 112 96 11 3 5 75 103 46
-16 30 -28 -23 3 8 -8 12 4
-24 -79 -64 24 -43 -63 -91 60 -70
59 72 41 38 53 20 48 43 29
13 28 -23 -20 4 7 16 14 -7