20 49 99 28 95 141 43 57 101
12 -18 11 4 -15 3 -13 -22 8
6 90 55 67 99 31 30 58 70
70 60 11 70 61 71 35 52 24
26 76 62 93 17 65 93 35 6
-30 2 -25 -20 13 11 5 -30 12
26 75 165 90 171 239 129 157 5
58 37 106 93 11 226 122 60 233
13 3 221 176 237 174 222 38 169
229 230 171 128 131 208 198 102 62
85 183 38 90 103 247 248 151 30
204 80 55 93 82 80 77 238 9
62 57 40 13 40 51 2 59 64
7 11 17 17 -13 -4 -8 -7 13
1 3 3 2 3 2 2 2 3
47 81 53 4 45 34 105 18 94
27 -28 -21 -9 -26 -25 0 -19 -21
-93 -87 -64 7 3 -34 -36 -69 25
14 23 30 12 28 29 67 15 72
10 -26 13 -28 25 -24 29 6 -4