138 96 103 77 66 22 77 117 128
9 8 -25 26 15 3 -9 6 15
107 87 78 33 76 114 63 68 68
57 79 13 82 15 56 14 26 47
7 67 15 18 35 100 58 20 88
3 -14 -11 18 -18 -5 -14 -19 15
216 121 176 107 87 126 73 45 242
218 51 57 69 253 12 24 198 52
76 181 179 48 62 230 217 103 93
248 117 86 128 82 26 34 145 159
11 133 55 252 196 12 105 44 135
55 100 194 62 254 66 192 196 214
2 31 5 48 53 1 30 20 60
17 17 19 9 2 -7 18 10 19
3 2 1 1 2 2 2 1 3
14 17 17 23 101 15 59 61 14
-21 -22 -29 -30 -7 -4 -12 -27 27
27 -58 51 102 0 84 -74 46 -67
23 63 12 27 40 20 44 41 62
1 -14 9 1 25 -9 18 -8 -1