107 64 77 102 41 114 136 78 26
-26 -14 23 -15 1 5 29 -8 -13
89 103 30 100 39 63 110 51 66
46 62 90 75 77 23 17 22 37
91 69 49 33 74 87 98 6 46
26 -14 22 -14 3 -9 5 29 29
166 135 221 117 140 163 155 29 101
191 7 150 140 110 72 25 43 18
107 53 31 73 168 133 87 174 29
183 78 197 9 240 186 69 175 132
13 7 241 137 132 142 117 93 86
14 140 42 87 141 55 132 175 207
10 65 62 54 12 16 8 1 54
12 10 -3 11 16 -8 -9 -14 12
3 2 1 1 3 2 2 2 3
2 24 44 27 84 100 103 55 37
-23 -21 24 5 5 21 -3 -19 -30
-55 -95 -8 -114 88 46 100 101 65
54 77 54 42 71 24 78 27 72
15 0 -8 10 -24 -10 11 -29 12