149 56 47 125 73 67 23 109 84
-11 -22 4 -8 -2 -19 -15 -30 -4
90 73 69 32 30 44 57 84 100
14 63 42 81 87 12 31 73 18
59 12 35 49 37 90 22 94 37
-26 23 2 19 -6 -4 -18 -6 -27
77 25 152 238 224 10 60 137 64
205 221 6 54 105 200 202 45 224
123 14 180 201 26 172 102 18 1
45 238 42 218 211 11 134 20 228
52 85 176 68 93 135 233 238 113
2 26 170 100 183 34 101 79 185
8 12 2 0 0 40 20 49 73
20 -5 1 -13 -5 11 9 17 -20
1 2 3 3 2 2 3 1 3
90 95 112 57 20 71 113 16 116
-15 -28 18 3 20 26 30 3 -3
95 -55 -10 0 69 102 109 2 -120
16 26 4 62 68 23 78 59 5
-17 7 -3 -17 9 20 21 14 -5