104 54 77 77 65 126 70 29 94
-27 28 -8 -29 -23 18 -30 28 14
45 43 106 94 42 113 75 65 97
43 36 16 26 39 61 17 41 85
76 60 53 83 41 20 15 57 87
-1 10 -24 -11 -27 -22 16 -18 -28
167 228 92 199 192 161 84 181 46
207 228 157 197 29 165 75 20 69
98 14 119 100 1 79 191 153 69
225 124 187 103 194 123 148 41 207
102 234 136 76 29 238 198 201 105
8 147 34 145 181 93 217 254 148
26 71 13 79 28 11 51 6 55
-8 16 -6 4 -7 7 0 17 -6
1 2 1 1 2 2 2 3 3
6 7 47 0 19 100 26 14 97
16 -30 9 -19 25 27 -14 -22 3
7 -91 75 -92 -52 83 94 -118 26
6 25 78 30 22 67 7 58 61
-22 -8 22 -17 3 -26 -10 7 -22