91 101 93 130 85 133 54 91 92
-2 -29 0 1 3 22 -24 19 9
108 93 105 94 33 97 53 98 58
17 14 86 54 49 55 15 15 61
18 30 31 25 80 49 67 15 52
14 15 -11 -20 22 28 2 -10 12
20 156 237 135 40 165 129 39 154
254 55 67 2 235 192 69 57 11
84 246 189 64 28 81 218 1 124
85 233 159 94 67 92 214 100 166
209 149 29 199 119 228 140 116 154
25 168 142 105 154 4 53 131 108
25 77 74 23 29 35 73 33 73
17 -12 -13 8 1 -12 -16 20 9
2 1 3 3 3 1 1 3 2
83 22 14 99 88 104 16 75 0
-5 24 -27 -20 23 -7 -23 11 24
-110 84 38 45 42 97 91 -74 89
31 73 27 43 3 29 45 9 14
-14 -6 -9 5 25 -4 26 -29 -27