114 77 97 79 96 106 75 121 106
-5 3 19 9 27 -11 25 -21 5
58 82 109 78 34 99 73 80 58
87 22 49 89 70 58 53 21 41
50 40 77 57 56 74 76 38 29
-9 26 29 -5 -28 -26 6 -11 -16
15 117 108 117 140 176 31 255 231
212 185 148 124 222 216 118 105 178
66 48 29 120 119 209 190 69 217
54 58 205 6 22 87 246 189 83
153 188 246 104 255 3 40 21 240
102 29 30 171 94 75 81 108 233
41 7 10 9 54 28 8 73 5
-2 16 -16 -6 2 -14 10 17 -11
1 1 2 2 2 3 3 2 2
25 22 53 3 29 70 4 91 57
-25 -26 29 22 -14 -18 21 15 28
41 51 -9 79 -90 -74 -83 48 104
9 52 7 65 3 26 20 26 28
18 -12 25 29 3 -28 -16 -16 28