37 88 49 76 131 128 64 105 144
-29 -25 -16 28 12 -2 24 -11 17
84 74 91 46 118 63 46 47 74
69 73 60 74 22 73 86 21 27
57 71 39 86 41 77 84 39 45
4 20 -25 14 3 23 -2 7 -10
107 168 135 95 192 148 220 196 62
76 14 169 52 54 221 218 136 12
68 87 214 138 74 194 53 82 89
225 41 123 132 31 166 181 192 242
53 251 204 219 109 246 185 163 187
51 28 32 154 6 9 236 248 173
25 62 67 63 15 40 18 40 25
6 -4 -17 -14 5 -3 -12 -9 17
1 3 1 2 1 1 2 2 1
23 120 52 58 50 17 85 113 15
-30 22 12 28 -25 -3 11 14 -11
-105 43 -82 -13 -117 -24 -25 -22 29
63 47 47 25 19 28 29 27 34
0 -3 -24 -12 -25 -4 2 23 3