45 72 146 30 85 144 35 74 90
19 -10 -21 18 -9 -30 -24 22 -24
78 41 76 86 88 49 51 89 62
50 90 15 76 87 71 36 32 33
42 74 39 45 30 15 68 95 55
-12 15 19 19 -24 -2 1 1 7
252 5 219 200 113 247 181 108 57
70 107 189 218 222 46 148 90 70
61 0 132 112 36 209 150 236 33
110 178 157 253 111 197 11 39 131
81 219 42 187 45 185 179 150 249
194 88 73 120 140 175 59 0 87
60 63 35 65 23 44 54 18 10
19 19 -4 -16 1 -9 -5 9 -20
3 3 3 2 3 2 3 1 1
47 25 24 54 89 110 87 43 6
2 17 -13 -14 -6 -20 -4 24 3
114 19 -34 -72 -19 95 -16 -51 -75
29 76 26 49 54 63 39 33 60
-3 9 -16 -1 2 19 -18 29 -25