24 74 103 97 67 132 125 63 111
0 -9 24 15 -3 18 9 16 19
66 116 39 99 119 103 89 87 35
69 58 83 29 51 77 80 16 24
49 71 85 95 33 27 63 26 55
21 -5 -28 10 4 -21 30 20 16
171 69 140 27 110 134 155 71 131
103 98 3 43 40 163 174 198 232
199 147 145 250 62 230 129 4 124
21 40 34 240 214 184 255 217 6
214 206 156 86 85 95 219 57 72
49 101 138 144 154 17 244 236 35
78 74 75 56 74 33 27 59 33
-9 -19 -4 -1 13 -6 -13 -5 6
1 1 2 2 1 3 3 1 1
64 32 119 54 18 42 35 119 71
-22 -12 7 20 -2 7 21 3 -4
13 2 -67 76 77 -23 -31 -79 -63
21 50 76 67 42 71 72 70 76
-9 -19 -11 7 12 17 24 12 16