28 33 100 35 92 60 33 36 20 
22 21 20 27 1 12 18 25 12 
39 21 14 17 80 59 16 32 54 
52 90 84 27 69 86 62 32 15 
10 6 9 9 10 5 7 13 9 
8 -12 30 -28 -15 22 -28 -27 -21 
27 160 209 212 105 166 2 88 117 
211 134 60 174 237 149 12 116 113 
117 112 252 142 53 59 54 38 18 
33 201 21 164 38 186 127 247 133 
245 224 150 24 129 9 70 72 180 
194 135 245 63 90 67 77 25 172 
33 5 14 27 60 67 69 58 13 
2 8 19 13 -10 -4 -15 5 -12 
2 3 3 2 3 1 1 3 2 
43 59 3 8 67 62 84 96 120 
19 24 20 14 19 27 19 24 18 
-91 -3 -47 -87 -62 -49 -104 -4 -40 
65 76 3 54 79 73 74 73 24 
-23 18 8 19 7 11 14 -5 -18 
