42 58 109 54 142 138 108 68 126
-13 -2 10 -17 -19 24 16 25 -18
103 32 102 35 117 115 45 85 94
71 61 78 51 37 30 61 30 90
8 38 71 28 66 95 6 32 11
-14 10 -19 -27 -11 8 -3 26 14
43 34 241 217 141 205 74 139 33
41 206 22 98 253 154 89 28 41
225 32 125 124 168 103 52 93 12
228 217 101 145 101 141 226 147 135
49 78 58 99 176 1 179 191 31
83 222 64 129 128 226 70 192 12
46 69 35 48 9 21 18 22 64
-17 -20 0 8 -11 1 -13 15 -6
3 3 2 1 3 2 2 3 1
96 9 85 7 76 119 90 64 79
9 19 9 5 -10 3 27 30 -11
-103 -7 25 -54 -66 31 -49 -77 112
64 19 15 13 56 43 19 57 80
-21 -9 0 -3 -11 -14 -8 -10 0