74 65 76 118 32 85 29 44 64
9 -19 -21 2 -8 17 16 6 21
30 81 116 102 55 32 31 93 73
78 36 39 27 14 68 83 55 41
82 60 28 29 56 81 55 37 32
25 30 16 4 -28 7 -1 20 -11
250 98 177 168 177 49 155 27 233
110 174 45 57 130 159 143 147 132
123 134 171 104 211 208 125 159 46
69 234 119 255 145 63 102 243 210
36 210 138 236 194 216 215 220 150
134 181 221 89 75 234 49 217 246
32 17 18 78 62 53 28 10 74
19 12 8 -19 17 3 -1 -15 8
2 2 3 2 1 2 1 3 2
8 5 58 52 67 80 56 119 103
20 -8 26 -13 -2 -20 3 3 -8
-119 -93 -1 1 -117 61 -29 13 39
42 77 18 14 63 54 57 62 57
-30 3 7 18 -5 20 -25 16 -6