58 82 94 76 114 30 103 70 91
22 -17 6 -2 13 -4 18 15 21
81 34 99 120 53 79 78 119 45
62 17 35 48 88 42 19 51 31
47 61 38 31 27 39 9 29 23
17 -27 29 -5 -10 21 29 -20 -23
236 171 205 190 56 194 169 192 38
5 27 132 251 5 183 219 161 246
225 158 152 128 239 209 119 9 201
254 195 244 79 144 153 129 45 82
97 31 208 28 161 134 68 175 111
2 129 40 111 25 55 149 9 16
9 11 79 1 63 24 80 54 53
-14 15 -13 13 11 8 19 0 2
1 3 2 3 2 2 1 1 3
83 23 85 108 94 16 114 113 105
-20 -8 -22 -6 -9 -18 -16 6 -7
67 104 -76 -100 72 -55 71 -98 -98
31 77 10 18 50 59 73 70 0
-23 8 6 6 -15 -7 17 9 22