47 149 77 36 136 54 64 120 138
-5 21 -3 7 -6 28 -13 16 6
62 41 100 117 46 61 91 106 43
43 77 27 26 38 26 68 90 67
23 77 7 99 74 74 59 28 11
6 -5 -29 22 -28 -4 -15 16 2
170 152 102 78 152 180 212 166 127
243 174 52 202 27 11 98 64 36
151 47 19 68 227 87 95 28 162
180 127 136 98 135 87 103 107 220
237 100 132 149 54 30 160 103 1
169 94 167 1 135 227 93 87 163
53 30 39 55 80 59 74 22 18
-6 -13 8 4 16 11 12 -2 19
3 3 3 2 2 1 1 1 1
10 54 30 85 60 69 59 80 119
-5 1 -3 -15 -1 -7 19 26 -26
-67 94 -103 87 92 80 -45 -20 -13
77 55 38 8 20 15 66 18 34
10 0 10 5 -8 0 3 -18 27