79 114 104 47 92 59 38 113 75
26 24 -19 10 -20 23 4 19 -12
114 92 32 108 54 59 45 81 112
40 10 27 13 68 54 43 62 62
84 8 86 72 43 40 83 16 57
-4 23 19 -2 15 -2 -20 29 29
195 227 2 78 27 64 204 176 95
37 188 241 124 79 181 34 71 65
73 183 197 85 15 130 114 68 194
230 222 50 153 12 141 145 115 206
56 183 102 109 169 233 206 67 205
81 80 89 227 198 24 92 176 212
19 60 54 73 36 26 22 46 64
-16 -9 -8 -18 19 -1 17 16 2
3 2 1 1 1 1 2 2 3
108 68 89 113 117 62 78 101 27
-18 -3 6 -2 24 -13 -5 30 2
-4 -20 94 -39 57 -84 -19 -40 116
24 45 78 59 69 64 55 64 3
3 23 -19 12 16 -9 0 3 -11