113 42 141 60 114 47 61 83 148
0 16 7 25 0 27 8 -1 -11
111 63 119 35 54 57 78 57 51
72 34 64 10 77 50 20 83 24
16 9 28 58 89 20 83 25 62
-30 -13 29 -11 19 -27 27 -14 -18
63 58 246 173 46 1 29 27 142
60 128 31 131 132 165 90 194 45
110 19 78 209 247 165 177 150 103
159 73 42 245 116 173 23 83 17
169 31 237 161 62 226 123 35 93
205 228 134 140 231 120 125 217 173
24 26 70 53 52 36 56 44 7
-19 2 -3 16 -4 9 -3 -1 20
1 3 1 3 1 2 1 3 2
79 89 63 40 19 98 18 78 12
12 2 12 1 -13 -21 22 -29 -19
-88 -59 -99 -29 23 -29 -19 88 42
43 65 74 11 48 0 56 9 60
26 8 4 12 -29 16 19 -4 26