94 123 50 28 146 23 141 82 30
8 -7 -28 30 1 -8 -25 21 21
31 98 106 109 39 114 73 56 89
14 81 38 58 70 13 55 40 86
42 6 34 27 86 14 7 5 20
-28 20 12 -2 -12 3 -29 7 22
233 130 49 62 108 102 48 91 205
254 173 143 21 58 158 178 142 217
139 109 80 61 154 215 60 115 234
254 46 198 121 117 158 206 219 115
101 102 75 52 229 67 86 43 177
31 124 60 130 153 92 189 88 96
34 7 11 76 2 19 6 30 55
7 12 15 -10 10 18 8 -3 10
1 3 3 2 2 2 1 3 1
93 111 77 117 15 118 28 16 63
-4 14 1 7 21 -21 22 -28 -4
116 108 -23 -116 -21 -39 -48 -94 61
64 48 14 19 2 11 72 50 0
-9 -18 3 -15 18 -26 10 19 25