86 118 96 103 38 82 36 119 63
23 15 24 -19 24 5 7 -10 7
47 88 34 117 89 69 78 120 72
19 41 49 80 34 47 28 48 42
20 38 54 94 47 61 60 76 5
-12 24 6 -13 -7 -20 14 23 -26
22 165 187 31 28 82 106 39 7
241 6 213 10 105 119 14 232 231
200 90 205 113 104 197 62 171 141
48 65 125 237 30 197 139 108 244
35 220 169 165 52 131 139 27 160
196 94 4 174 103 115 179 62 194
76 17 31 60 65 44 32 53 13
0 -16 20 12 -13 -12 -11 -8 11
3 1 1 2 1 1 1 2 2
73 77 29 109 24 108 52 91 34
12 -3 19 -29 -11 -26 29 19 -7
79 16 50 -99 5 -110 -20 29 -113
51 76 52 45 69 79 9 38 74
-3 6 -9 13 8 -17 -29 30 -9