54 144 90 149 113 106 88 82 121
-24 3 -30 -1 -27 -13 17 18 13
87 58 115 92 110 106 108 87 52
23 16 63 10 81 11 51 65 37
32 6 86 86 80 88 53 68 43
11 10 21 29 -14 22 -30 -11 4
142 12 51 72 223 34 179 11 29
65 173 65 121 10 69 249 144 15
201 134 119 77 139 108 153 209 208
208 253 144 125 174 130 115 114 72
99 30 58 80 1 212 6 171 62
227 217 209 225 226 19 178 104 235
40 16 57 42 80 35 78 30 30
-1 -14 -9 8 -11 13 7 -1 14
1 1 3 2 1 3 2 2 1
80 51 94 92 117 107 25 25 22
21 -1 -19 -15 8 23 -10 -12 -22
92 76 7 17 -79 -120 -55 73 -68
43 44 6 23 65 8 27 28 38
-25 -5 -2 -14 -8 -24 -7 -4 6