88 74 74 66 129 20 114 84 112
-26 7 11 -27 -13 -7 -18 -12 -10
36 76 77 78 73 75 83 45 31
85 62 67 51 58 21 69 79 27
76 79 41 11 68 23 21 22 92
-1 12 -1 15 21 14 8 -27 -2
220 189 188 59 42 14 166 223 5
57 193 149 144 146 182 239 1 59
206 101 182 231 71 227 228 221 243
204 55 40 122 164 249 211 106 239
189 125 11 184 137 188 132 8 33
16 15 91 136 43 61 48 24 171
23 31 6 64 59 24 0 79 35
-16 15 15 12 11 -11 16 1 -17
3 3 3 1 3 3 2 1 1
109 65 74 62 49 108 120 111 77
22 22 -16 11 -28 -21 -15 12 26
9 117 82 -116 -120 10 -107 82 -105
59 13 20 60 36 1 63 20 57
-2 20 11 -7 -1 -24 -18 21 30