88 129 82 108 110 27 41 136 59
-12 12 -11 -19 -20 1 -25 26 9
82 45 114 66 74 46 58 47 89
45 58 35 51 13 25 73 66 27
96 59 49 97 44 59 50 94 19
22 -28 -29 2 23 20 -20 3 3
193 152 35 123 37 39 94 238 31
127 42 244 219 51 77 159 209 145
86 62 187 69 165 118 30 195 200
240 139 191 252 25 30 2 89 159
58 137 250 129 220 194 248 118 28
122 117 158 9 146 197 116 33 88
1 17 8 66 45 4 37 48 56
8 -15 20 -18 7 -19 -15 3 2
3 3 3 3 1 1 3 1 3
7 107 20 26 6 7 79 98 51
-19 21 -9 -30 4 26 0 15 -14
-18 81 -13 -23 24 -45 78 -47 -22
44 27 79 18 46 2 15 20 78
3 21 -19 -7 13 -15 -17 28 17