48 53 80 133 103 150 76 117 142
27 -29 8 23 19 10 -9 -14 -21
83 43 117 87 43 117 113 107 98
28 21 17 41 14 85 24 55 31
6 85 48 70 27 13 81 21 68
4 8 12 23 -25 23 10 -23 15
171 40 1 80 21 225 249 144 209
199 73 159 212 26 217 176 193 42
245 27 193 99 96 163 46 125 222
159 20 30 52 110 221 61 31 172
215 242 17 67 210 199 172 47 50
173 162 213 114 201 94 150 53 144
56 70 72 69 51 13 3 13 7
-3 -14 -6 8 14 10 -16 4 -1
1 1 3 2 1 3 2 2 2
96 57 108 103 77 21 33 5 8
-9 -11 -6 1 -11 20 -15 -4 20
-8 74 -63 -92 68 95 66 -108 17
38 7 69 55 48 3 22 80 28
26 3 -5 22 -22 -6 7 19 -22