145 98 34 87 73 115 142 109 146
10 -8 -30 -15 19 -14 -16 28 -18
33 42 47 47 107 84 106 55 43
88 45 65 21 52 31 50 21 66
94 83 10 32 41 60 27 37 56
21 7 -19 -13 -23 6 27 30 -18
37 123 19 98 66 43 29 201 70
170 150 105 90 108 12 255 173 179
56 135 94 233 167 127 156 241 126
108 7 206 217 113 242 10 14 248
15 69 126 186 94 182 71 167 126
146 90 173 65 58 139 115 88 185
56 71 9 63 42 45 37 0 31
-18 -3 -13 2 17 17 -18 -12 -18
1 1 1 1 1 1 1 2 2
103 55 27 35 108 30 27 48 106
-4 21 1 30 -16 -2 -5 -11 30
84 -1 -50 41 -53 2 -31 -29 -97
63 9 36 43 79 71 57 10 59
8 -10 -21 16 8 19 -6 -2 -14