137 79 97 99 107 25 85 38 40
26 7 -4 6 1 3 9 6 -13
46 46 60 58 35 66 72 90 80
21 29 61 26 39 78 50 50 54
69 66 21 42 95 93 45 75 21
10 -13 -13 -10 7 9 -20 1 -5
70 174 48 150 98 66 170 237 107
165 51 52 130 85 216 224 127 198
46 223 216 247 86 3 173 230 55
37 139 57 7 226 13 134 204 129
120 231 162 251 240 177 27 154 33
187 202 87 38 20 238 236 109 59
51 3 46 38 72 56 8 78 10
-9 -12 13 16 12 20 -17 -7 -17
1 3 1 1 1 3 3 1 2
8 31 14 105 74 95 53 36 3
5 3 -12 -23 19 12 -17 -25 2
21 17 -98 91 -78 -111 32 -5 60
17 38 42 55 24 55 50 10 43
7 27 22 -17 19 16 16 -2 -29