60 22 115 87 147 111 56 132 109
-23 3 -20 14 -28 3 -1 5 -22
60 37 46 54 107 102 87 88 81
68 66 53 62 72 10 49 33 90
54 85 51 27 29 31 26 21 62
-24 3 -24 -12 -27 -4 -5 -29 -9
58 33 223 115 105 161 108 6 224
45 247 145 224 213 220 178 184 244
151 189 88 82 217 6 198 241 85
248 231 29 122 207 225 247 216 39
64 164 81 220 178 211 129 220 244
199 132 138 7 75 133 209 224 181
2 68 23 48 0 69 67 71 79
0 -19 14 -15 -3 3 -2 -5 6
3 2 1 1 3 2 3 3 3
103 91 38 68 18 114 8 59 94
0 -25 14 -12 18 -27 0 -26 -3
97 -31 -70 -93 -67 37 92 68 -55
50 64 7 24 79 33 23 12 4
28 14 18 -4 9 20 28 3 -15