80 36 68 80 128 23 92 25 101
-27 27 25 30 -22 8 -21 27 -2
116 92 30 61 104 86 94 86 104
31 55 74 84 57 40 82 54 44
72 52 90 77 26 29 5 60 88
-18 -24 25 -5 18 13 11 26 13
222 230 203 238 7 177 17 77 207
69 117 162 100 110 239 249 196 15
55 245 8 153 209 227 246 227 63
202 100 156 238 92 99 64 134 112
147 99 16 251 73 229 114 168 232
129 149 244 136 21 81 105 11 233
31 51 5 11 60 77 34 66 71
12 7 8 -13 -11 -9 -19 -6 14
1 3 2 3 3 1 2 3 3
34 103 57 102 59 99 5 53 98
-17 -12 -29 24 8 -13 -25 15 14
-106 3 -13 34 99 15 -99 111 109
61 44 34 42 54 41 5 36 5
10 -17 12 8 -14 1 7 -19 -30