47 111 36 127 96 67 142 93 38
-18 -8 -27 -28 -6 8 -30 6 -20
91 43 108 119 109 74 118 72 30
46 19 13 27 16 77 84 42 54
42 66 50 32 86 65 38 37 19
22 -13 -17 0 -22 28 -9 -22 -10
171 171 59 213 181 193 6 105 85
169 123 107 105 97 237 153 9 206
79 85 117 121 137 238 14 90 207
234 37 119 225 53 3 142 68 191
31 235 201 80 168 9 238 54 177
226 78 172 98 176 46 217 30 112
47 77 40 43 34 16 38 54 3
-1 14 -18 -9 17 5 -5 5 -3
3 3 3 2 2 1 1 3 1
88 94 118 105 25 14 64 69 38
-20 -29 4 6 -20 -28 24 -22 -5
97 104 22 -78 -62 -45 20 -76 19
25 14 17 28 6 19 27 42 48
-9 11 -1 24 -11 25 3 11 29