42 31 139 100 93 27 125 140 66
27 20 4 15 16 -28 -12 -21 0
68 55 57 119 71 74 74 117 61
75 69 12 20 68 12 90 32 70
70 18 74 66 6 43 7 66 78
10 29 -1 10 -3 2 3 23 11
18 131 223 121 49 25 80 6 190
216 96 95 59 29 48 181 69 219
194 254 45 151 225 254 95 147 145
21 72 67 194 141 236 213 182 21
45 31 101 241 166 211 79 155 209
106 145 240 248 218 173 76 167 76
16 15 79 20 11 53 34 37 28
-9 4 -5 -13 -16 -8 -6 15 11
2 3 1 3 1 1 2 3 3
17 61 101 85 19 22 118 57 55
-15 -3 20 6 -14 -12 12 -24 -20
100 46 44 78 -52 -85 -80 60 -27
79 36 28 78 26 39 64 28 26
18 19 14 13 -7 9 28 -8 -30