33 59 32 105 53 109 57 128 127 
27 1 5 4 15 5 11 26 16 
71 55 42 10 56 34 68 22 27 
84 20 62 37 20 61 87 61 79 
45 15 64 24 46 79 62 73 25 
-13 16 19 16 -21 -16 -1 0 23 
129 113 85 200 91 18 47 17 114 
16 38 127 203 100 169 125 173 217 
85 216 3 174 46 24 29 110 237 
143 19 50 196 254 93 96 39 249 
85 113 239 46 215 144 101 187 156 
155 93 41 49 161 93 71 185 233 
75 15 80 22 31 48 4 48 73 
-3 2 5 0 -13 -4 12 -4 20 
2 1 2 1 1 1 3 1 3 
97 21 26 120 69 7 30 88 61 
23 13 20 12 29 15 19 19 11 
64 -50 -16 117 -33 48 89 36 119 
23 8 10 65 12 18 23 71 79 
29 8 -1 -28 -23 18 12 -20 29 
