31 147 105 106 79 115 145 149 21
4 27 -23 22 -27 -9 -22 10 16
47 103 56 68 97 60 64 79 110
65 64 64 14 51 30 86 77 70
21 31 62 88 58 90 77 32 44
24 5 -29 -18 -2 16 -9 -8 -25
95 117 15 92 159 41 31 72 12
123 127 1 42 222 20 141 9 182
118 175 249 135 246 255 18 210 226
141 208 208 120 107 203 42 83 17
243 59 125 172 210 235 203 133 225
169 77 163 191 222 127 248 24 98
58 6 10 35 32 8 19 17 42
-14 -13 15 -7 18 9 -12 13 17
3 2 2 3 1 2 3 3 1
59 115 100 41 28 64 111 39 65
-15 17 -12 -30 13 -5 -6 -5 0
-64 65 58 91 -80 18 113 -43 -98
23 0 59 42 57 66 25 56 62
30 2 -12 16 -6 22 -4 12 24