80 77 120 150 105 43 102 91 55
-24 -15 -15 16 -5 -9 -10 -20 28
60 117 64 48 55 109 78 63 72
80 84 14 71 52 82 69 54 26
97 70 51 14 70 15 31 67 23
0 -10 20 -7 9 -23 12 22 -5
174 184 97 220 80 37 208 83 4
55 200 226 55 50 102 28 82 128
187 85 83 73 95 152 3 171 138
226 4 43 117 181 228 35 38 117
189 139 25 27 141 97 73 80 210
127 194 104 177 50 46 249 232 16
45 76 1 10 40 80 47 51 39
-4 9 -17 11 -2 -3 1 10 -16
2 3 1 3 1 1 2 3 1
28 59 24 88 51 8 50 49 59
7 19 22 11 27 21 21 -8 -28
-30 25 -12 -67 -17 11 -8 -101 -92
46 68 40 14 42 58 3 3 78
14 -4 23 24 -30 17 21 30 10