91 78 145 139 54 149 150 23 50
-25 26 -1 29 4 24 10 7 -11
119 109 77 47 57 96 86 44 49
13 88 77 51 33 41 30 22 75
10 63 58 16 24 62 32 82 83
17 3 0 -3 13 11 1 -15 -6
135 229 147 131 239 139 173 219 250
87 247 172 131 119 17 14 178 63
50 166 76 139 173 3 47 222 108
234 188 36 158 155 45 114 89 229
21 64 140 37 157 242 187 189 26
61 234 13 248 4 56 155 172 47
75 52 42 64 12 32 51 75 36
-17 -2 6 -7 -12 9 5 -5 19
2 2 3 1 2 1 1 1 3
38 119 40 34 110 61 25 68 113
13 12 7 29 -15 -16 6 6 29
92 -86 -45 23 70 -113 41 45 55
47 53 52 32 57 71 71 50 52
-17 8 -11 -9 11 28 -2 -28 -27