121 145 109 71 140 145 136 78 40
-8 -6 -3 -11 -18 -29 0 -20 -25
65 111 78 59 100 109 90 103 50
46 20 54 53 34 62 55 60 62
35 77 30 47 17 72 96 91 87
1 14 24 -2 -28 4 -27 -28 -19
103 192 223 135 135 94 174 79 80
64 113 237 162 49 39 71 89 83
36 204 201 165 147 185 6 230 153
22 155 80 15 1 89 60 154 252
85 164 66 54 140 5 143 207 33
64 107 221 114 161 227 36 29 36
70 15 30 51 77 5 43 22 78
2 20 8 -14 -4 -16 6 -5 18
3 1 3 1 2 2 1 1 3
60 58 47 97 80 34 71 24 71
29 -18 9 -28 -11 -10 -6 15 -7
-42 60 109 15 37 87 -63 -51 69
66 1 58 80 61 66 79 75 44
30 -2 -16 -18 12 -4 -9 -11 -21