-1 103 61 26 72 137 130 61 131
24 2 25 18 30 29 18 1 21
6 30 45 61 56 59 88 95 19
45 66 39 35 30 44 17 63 64
84 70 95 72 47 80 44 57 99
25 28 14 23 -13 28 -16 15 -23
158 111 169 103 223 0 196 119 224
255 156 50 208 175 81 246 137 184
84 70 123 169 52 147 144 220 247
130 100 124 220 145 109 107 238 221
249 209 234 232 214 63 0 117 4
183 44 120 126 102 0 172 145 70
68 17 25 38 64 11 69 27 47
1 -7 -15 -7 13 -8 -4 9 20
2 2 2 1 1 3 3 3 1
35 81 81 89 74 21 72 51 37
26 29 16 21 30 11 25 11 19
-118 1 21 -43 -2 -96 93 -104 -46
18 71 23 12 63 41 54 22 51
5 -19 27 -29 21 -25 -16 6 30