110 41 141 74 149 76 30 92 98
-8 -20 -17 -20 17 -2 -1 -10 15
44 70 57 39 101 95 54 86 75
69 71 52 51 82 51 57 35 67
60 66 84 6 57 66 64 9 80
-26 -30 -30 -21 -27 4 0 11 -2
91 131 26 254 88 27 241 121 64
55 250 140 78 166 42 149 0 113
166 182 192 205 59 243 58 29 234
64 69 19 210 118 61 94 88 84
184 99 174 124 72 133 254 128 44
176 187 5 34 114 33 80 243 77
50 54 74 55 5 31 39 20 49
17 7 -3 10 13 15 -10 20 15
3 3 2 2 3 3 1 2 2
117 79 110 6 76 22 25 99 75
-12 19 -9 27 -12 -19 8 23 9
42 75 -106 55 70 -11 -76 104 27
66 64 37 70 25 77 37 11 67
-28 -3 1 28 4 5 9 -11 10