46 103 145 44 126 87 64 31 49
10 10 13 -2 12 22 -10 -12 -3
70 39 111 119 111 83 91 75 49
75 53 81 29 18 25 38 14 31
7 28 68 77 73 20 47 94 37
18 -12 -10 18 12 -5 -8 -26 -29
73 221 51 210 1 39 196 190 54
38 255 14 111 142 144 83 226 133
26 49 187 80 46 118 126 151 77
91 13 195 65 99 83 171 46 106
164 131 20 162 161 155 249 190 181
86 76 110 208 120 123 138 105 210
26 42 65 21 66 80 65 50 7
-3 0 4 -3 -18 18 13 4 -3
1 2 2 2 1 2 1 1 1
52 5 11 21 87 106 9 46 97
-19 -13 8 3 -9 -25 -21 -10 9
62 71 64 -103 -88 72 31 -32 88
77 54 49 46 7 42 7 6 39
26 21 -16 20 24 -27 -18 -11 -17