70 49 33 135 34 77 29 87 59
20 22 -13 -25 -26 -15 20 -5 21
36 94 40 85 77 94 103 55 114
14 33 58 82 65 82 85 71 31
49 75 52 17 92 86 66 25 91
6 -7 17 9 20 2 3 -29 27
183 210 244 173 243 137 6 69 104
252 42 17 249 235 118 73 255 222
121 215 11 222 87 48 74 145 224
214 72 44 241 168 69 202 168 66
246 150 67 139 245 187 81 53 199
22 25 79 217 126 158 254 83 250
57 57 78 4 11 77 60 27 62
-7 16 17 0 -18 -14 -13 6 15
2 1 2 3 3 2 2 3 3
118 93 14 31 27 80 79 30 36
5 1 -9 21 -8 -4 19 -8 -14
-85 -69 -107 -52 86 61 67 -115 -18
77 60 49 17 44 72 53 61 70
26 9 -15 15 23 3 -7 25 -26