62 121 122 81 137 77 48 51 81
-8 0 16 11 -18 8 -20 22 30
85 96 104 31 52 113 33 34 84
66 80 44 11 17 19 61 46 27
50 38 51 24 30 23 76 41 90
-9 -18 -8 7 -24 28 21 23 15
250 152 118 218 16 234 121 201 98
112 185 255 6 167 96 182 230 111
224 48 230 9 51 76 116 45 130
147 8 192 69 161 190 21 9 27
145 185 125 28 1 200 162 56 252
188 185 104 57 128 218 65 85 81
64 48 41 24 21 75 8 63 40
5 -16 1 3 12 4 -13 1 -17
3 1 1 1 1 3 3 2 2
17 115 44 84 109 0 36 113 101
-27 26 10 26 26 17 3 -24 -29
-63 100 50 -30 -58 10 -95 94 -109
17 51 73 5 55 32 41 7 40
15 -7 1 -30 25 20 -19 14 23