118 40 144 76 110 124 56 99 39
17 -13 -22 -24 13 -20 17 11 26
93 110 53 66 113 90 67 68 91
59 20 43 19 75 53 69 46 68
13 26 25 26 33 21 75 39 59
-17 -17 11 -2 -2 5 8 4 17
38 148 55 224 247 53 45 48 13
227 221 121 41 109 117 163 76 72
243 198 50 130 101 27 122 16 41
36 82 171 98 115 19 89 87 16
114 215 140 10 0 145 164 230 171
251 9 242 250 115 80 108 224 244
18 6 61 60 38 9 14 31 64
-11 15 0 2 -17 7 -5 -10 8
3 1 2 1 2 3 3 1 3
108 55 42 33 18 36 94 83 82
23 22 -27 -14 -9 9 22 9 -20
35 -96 -26 10 107 44 -86 111 67
47 65 1 31 39 69 9 3 19
6 -23 21 29 -21 -7 29 11 22