120 106 92 23 76 29 133 23 149
-12 1 -19 -24 27 -14 25 14 26
70 63 107 69 53 72 69 30 106
62 33 82 29 76 25 21 20 62
72 71 57 65 80 8 52 97 32
6 -30 11 -23 29 -23 25 -11 -17
59 0 119 149 254 101 235 161 102
105 65 210 74 136 41 47 42 71
191 109 225 191 51 197 146 54 48
222 33 200 159 248 201 208 71 84
248 249 19 45 159 214 205 184 79
112 227 156 206 143 202 54 179 94
59 37 60 63 54 22 80 36 51
16 -9 2 10 4 -11 -3 12 -2
3 1 2 3 3 1 1 3 2
47 9 105 101 27 47 29 98 29
12 12 11 13 11 -16 -24 15 10
70 -41 6 -13 -16 -26 33 -61 -76
51 63 57 18 41 48 22 10 75
20 24 -28 -8 5 -6 -24 13 30