52 93 50 88 58 34 70 39 82 
30 15 27 16 13 2 28 1 2 
43 29 24 55 60 66 54 6 22 
58 78 51 13 85 73 19 14 27 
13 13 11 5 10 7 5 9 12 
-4 -20 -28 -29 -9 -25 -11 -21 1 
243 69 134 189 11 79 64 76 128 
229 52 192 239 192 37 175 124 49 
55 168 191 1 178 162 89 33 180 
105 9 196 80 112 148 73 254 87 
94 222 168 215 191 133 191 10 36 
93 77 254 3 251 71 215 96 169 
34 18 68 49 29 4 78 60 77 
-14 -16 -19 -15 18 -5 -12 2 3 
1 3 3 3 2 1 3 3 3 
15 3 76 33 84 70 46 23 64 
23 20 12 14 19 19 19 10 13 
11 -100 8 31 14 -104 37 -77 -36 
28 52 1 61 57 47 79 14 47 
5 -30 6 7 -9 7 -22 -9 -22 
