128 58 112 83 99 94 145 92 129
-4 16 28 -18 9 17 -3 -29 -18
105 86 83 31 95 92 35 35 49
27 32 82 55 81 52 31 50 89
10 46 7 82 51 20 70 46 14
6 -21 -15 -27 29 8 -13 -12 12
137 160 247 93 12 22 129 170 129
138 5 243 192 114 222 1 89 253
196 108 22 254 217 129 61 15 244
71 150 75 190 12 19 241 37 20
175 1 132 55 162 62 174 12 148
80 37 120 249 82 160 21 239 132
3 78 69 15 59 73 9 71 7
20 -11 -1 -12 20 8 -3 4 -4
3 3 3 2 3 1 3 1 1
51 67 80 21 59 3 109 20 109
0 -23 14 -25 2 20 22 11 30
41 -66 4 -2 88 -10 -29 -48 -38
25 52 61 18 28 80 58 60 31
25 30 -4 -13 6 -1 4 15 -2