56 44 96 63 91 127 47 91 135
-26 14 -6 4 -6 -17 18 -29 -26
31 30 105 103 39 60 58 81 80
12 75 47 37 36 35 20 90 38
95 57 73 22 92 77 68 6 16
22 -15 -14 -12 -20 -23 21 -7 -6
190 172 237 217 235 182 237 77 80
158 139 175 213 185 10 109 172 224
101 64 203 65 48 110 201 217 196
51 173 215 182 147 154 42 18 138
136 249 144 98 194 0 20 201 203
154 236 146 216 28 54 138 38 244
66 15 9 8 58 73 70 53 5
19 -20 -14 -14 -16 7 1 -5 13
3 3 3 2 3 1 2 2 1
19 71 32 67 58 79 33 41 97
-14 21 1 -30 -22 -12 -26 -29 21
12 -92 91 -19 59 86 100 -99 -75
34 52 9 55 17 70 18 22 10
30 -30 -29 1 -16 -25 13 -20 14