108 46 22 124 150 101 67 140 93
-7 -4 -19 11 11 -19 24 -1 9
60 37 39 100 62 75 34 88 107
55 76 30 70 87 63 31 12 55
17 10 15 42 61 71 100 97 90
21 1 -20 15 -24 9 -1 12 23
220 148 1 86 45 83 13 180 156
116 171 98 28 25 88 144 3 139
150 183 52 110 108 97 181 127 48
76 6 67 167 17 164 183 53 8
91 68 182 66 147 93 150 193 79
8 254 233 6 82 173 171 233 89
49 43 18 65 74 17 56 41 14
0 20 -5 3 12 -10 -10 -17 10
3 2 3 2 1 3 1 2 1
86 39 4 62 0 24 13 6 108
-17 -18 2 -2 16 -21 -23 25 30
119 54 -101 22 13 27 -102 98 -97
3 19 33 58 29 57 39 14 59
6 -25 -15 -25 30 -8 29 -5 9