134 72 46 63 139 93 68 144 124
8 -8 24 -16 -5 21 8 -7 -5
113 98 101 83 103 57 108 71 83
20 48 62 10 66 88 78 26 50
42 33 13 82 82 98 7 49 87
-25 -4 -3 -18 -12 -17 17 9 24
177 220 38 103 194 175 124 99 34
87 121 46 7 206 106 187 28 86
251 233 181 196 189 123 230 102 86
205 81 98 86 198 243 148 226 25
124 56 82 14 210 70 228 144 87
223 158 216 247 126 54 239 117 234
71 12 65 9 61 34 25 39 54
-18 -18 -5 -9 -18 1 -1 -8 -6
3 2 2 3 1 1 2 2 1
22 57 85 104 61 29 15 112 65
20 23 7 -21 0 -9 30 -2 -10
6 -113 -87 -83 117 -119 106 -96 -68
17 40 43 47 48 37 37 78 33
-11 -13 -10 22 -13 -14 17 9 17