42 43 43 117 74 104 111 126 105
-26 -11 -17 -26 -2 14 26 -18 -3
60 56 98 88 101 109 47 89 116
57 66 26 67 26 55 22 48 35
50 62 67 18 90 80 82 37 62
-23 8 -26 -19 -27 30 11 -5 -12
138 79 195 68 207 6 56 228 215
90 149 166 100 105 73 115 32 252
96 199 99 57 183 129 90 202 52
222 101 190 85 139 224 174 127 119
90 166 94 224 88 4 28 39 138
246 21 160 241 188 73 44 122 135
42 59 25 19 62 40 5 63 26
5 13 18 7 -4 -8 -2 -8 -13
3 2 2 3 1 3 3 3 3
74 29 77 118 116 75 109 86 90
4 15 28 -9 -24 -17 24 1 7
14 -48 -34 -67 59 -58 -40 -31 101
1 21 61 62 73 23 65 36 72
21 20 13 -30 6 27 -2 -13 -17