114 137 88 127 103 111 107 100 97 
20 23 2 18 24 13 5 29 13 
62 62 53 64 11 50 19 14 64 
54 66 59 44 40 44 22 73 16 
67 98 6 81 8 88 51 80 9 
16 23 0 -15 -25 -7 12 25 -23 
195 219 135 123 96 148 67 19 161 
132 36 102 66 40 227 135 178 88 
70 182 113 39 168 188 82 8 183 
173 144 1 86 209 59 202 184 108 
126 212 145 134 235 21 76 134 90 
211 53 219 203 231 12 222 2 162 
13 3 67 57 27 7 53 27 3 
4 -15 -10 -3 -4 5 10 20 19 
3 1 2 3 1 3 1 1 1 
80 7 18 36 42 19 71 43 108 
17 24 17 22 22 29 25 24 29 
57 -35 -26 -62 94 -18 -40 -94 35 
37 51 11 20 41 75 79 8 0 
-19 -20 -11 -7 24 -4 -28 11 -28 
