-1 52 82 42 88 76 101 96 106
15 -13 19 0 14 -4 10 5 17
1 79 71 77 33 51 48 81 53
70 62 51 44 42 30 37 54 44
20 49 37 16 14 42 51 11 61
2 -10 -15 10 -4 -2 3 4 -2
184 70 172 93 142 147 171 49 175
152 156 201 47 57 86 90 89 77
178 161 62 98 104 72 116 151 81
158 66 127 147 104 121 126 80 146
44 154 114 133 161 99 165 92 200
124 48 169 123 135 158 126 127 37
44 35 47 29 37 51 30 49 44
8 -2 -6 2 -6 1 -6 20 4
1 1 1 2 2 2 2 2 3
72 71 48 46 46 32 57 43 52
18 -2 23 22 13 22 1 4 11
47 -5 13 7 26 -20 1 -90 -23
32 38 49 34 73 30 31 10 29
-17 3 0 14 3 -11 -9 3 10