64 109 76 73 31 106 35 28 39
2 23 -30 23 0 -3 9 17 -17
100 50 103 43 77 86 109 57 115
73 61 27 63 16 55 53 36 53
64 7 52 95 22 16 49 10 36
-28 28 23 26 10 -14 -18 20 5
226 255 140 96 121 87 198 136 183
23 211 48 116 46 239 224 118 247
246 221 156 135 99 87 140 189 195
88 22 113 186 169 59 247 11 125
161 201 15 13 93 147 2 173 38
54 111 224 237 241 34 109 250 185
38 25 28 73 27 47 22 20 26
-9 5 16 4 -14 0 -20 -6 -14
1 2 1 2 3 2 2 1 3
14 88 12 51 78 120 113 35 2
-15 16 13 -8 6 7 -23 -26 14
-29 68 -76 -30 84 -119 34 30 71
12 44 63 4 3 78 9 40 2
22 -11 1 0 1 18 -3 -12 -5