24 116 55 106 74 53 40 98 21
28 -21 -3 -27 -3 10 25 -9 -3
57 89 91 102 92 37 113 81 68
39 71 25 42 89 58 24 32 71
74 71 96 47 92 95 54 18 8
-12 -24 -5 -6 -6 12 3 23 -14
233 245 36 32 228 37 252 223 62
53 198 158 91 148 50 63 144 51
24 220 32 182 25 137 232 2 55
2 120 227 113 164 26 159 236 36
159 55 74 93 234 220 128 83 245
205 41 222 93 234 147 12 6 1
37 65 65 41 18 63 69 40 8
9 10 1 -2 -10 4 -1 -5 18
2 3 1 3 3 2 2 2 1
86 63 60 25 106 10 24 31 25
23 -26 12 25 7 23 25 29 11
-5 117 37 102 1 35 -81 92 -104
50 52 27 64 14 44 22 80 77
-5 -8 -1 -2 -5 -10 -19 -23 22