43 34 83 81 85 93 105 30 115
-28 30 -29 18 -20 -14 12 -13 7
41 81 118 69 89 78 112 88 114
79 74 84 46 34 56 20 69 47
83 57 38 72 45 89 22 64 56
23 20 -6 20 -15 -15 -16 -22 18
53 235 188 220 17 211 230 208 170
221 247 118 164 73 102 238 167 138
2 54 251 103 170 55 140 241 221
213 209 174 193 186 91 130 204 120
95 14 51 111 131 186 71 184 208
44 44 17 138 154 47 249 44 55
10 78 41 9 22 23 16 55 78
-6 -13 -7 -20 9 -3 6 8 12
3 2 3 1 1 3 2 1 3
86 10 49 43 50 8 78 49 92
10 7 -15 26 25 28 0 -27 1
-80 36 42 -24 -62 110 55 102 73
41 78 4 36 7 37 49 8 53
-3 -30 -28 9 -18 -30 -21 -1 -23