84 35 24 146 139 85 48 36 99
22 2 15 10 -8 26 -19 -20 -9
95 112 111 82 60 34 85 59 36
44 32 47 12 22 21 77 48 62
36 24 61 34 83 5 41 11 81
26 3 23 -27 -1 19 9 -10 18
96 200 17 132 150 94 249 4 80
51 132 174 73 228 36 51 233 35
105 98 162 186 219 247 77 236 170
66 87 112 91 185 250 63 179 8
58 143 241 52 37 112 79 215 221
237 29 121 137 1 27 218 240 64
4 52 75 17 44 46 58 27 78
0 -14 -17 -18 -9 6 10 -17 -17
2 1 3 2 1 3 1 2 3
47 2 66 31 4 102 103 111 77
22 12 -8 -2 -14 2 27 4 -29
-24 111 -82 -9 84 -66 -94 78 -19
2 36 57 73 72 9 46 4 46
5 -3 23 -22 -3 5 -9 -24 -28