40 55 63 94 128 142 98 33 139
14 -12 22 -13 -4 -25 -2 -18 18
72 88 65 66 49 66 93 96 108
25 73 79 73 84 86 76 84 14
62 16 68 7 28 87 74 81 20
10 -9 6 29 22 13 -8 -17 -2
94 57 49 46 27 148 220 196 245
52 33 27 190 235 187 226 243 165
55 253 195 138 215 84 197 131 180
224 79 52 125 253 86 124 253 211
111 76 193 159 171 125 77 61 85
236 222 144 183 36 125 1 254 226
10 5 13 33 27 5 59 2 28
3 -2 -20 -15 5 5 -10 16 -17
1 3 1 3 1 2 1 3 2
7 49 6 80 16 67 17 55 84
6 15 -19 -14 -26 -1 -5 30 -9
41 -60 110 -92 -118 -27 -52 -67 -115
26 14 66 48 41 54 77 9 71
22 22 -25 0 20 22 0 27 1