64 145 90 141 49 46 135 65 102
-28 -6 -2 3 10 16 10 -15 21
89 64 102 53 97 57 94 54 51
77 84 35 28 24 54 37 83 11
19 66 43 87 50 49 93 99 81
6 -28 -15 9 -25 4 -9 25 -5
233 57 191 134 152 11 118 190 222
136 91 177 175 117 42 189 23 16
244 21 64 54 146 26 137 0 155
130 66 170 215 24 238 198 205 127
181 219 200 192 180 38 66 68 227
141 186 145 110 242 96 48 98 208
55 40 61 48 29 52 52 71 57
8 6 -15 16 -15 -7 15 8 7
2 3 2 3 2 1 1 2 1
95 60 9 120 105 59 54 88 86
-16 6 24 -22 3 -18 -7 -23 -16
-37 -84 -29 15 59 27 59 3 24
49 60 40 20 71 14 24 42 8
20 0 -21 25 5 30 25 -29 19