28 100 55 79 85 89 30 40 70
-18 -6 -8 14 -5 -18 -24 -30 -19
71 80 81 33 60 97 88 89 65
14 77 61 15 29 75 16 55 62
66 100 50 8 75 85 46 22 97
-11 -12 8 24 14 -30 -6 21 24
81 13 1 133 121 46 86 124 32
11 248 215 94 37 10 9 236 46
183 66 204 153 147 74 51 246 16
191 97 218 145 39 116 163 62 163
242 229 237 213 39 46 68 204 160
197 228 5 71 190 205 138 88 127
51 56 56 79 4 14 24 16 2
-6 11 8 -10 -18 -5 0 10 15
1 3 2 3 1 2 2 2 1
44 60 112 95 27 76 70 101 75
6 20 17 19 -27 1 1 -11 10
-15 118 56 -76 59 95 -2 -101 -115
18 49 64 29 70 53 72 78 49
7 -13 -24 -7 -17 19 -15 -15 13