99 22 118 54 56 46 40 112 66
-2 -26 28 19 -1 4 9 -14 18
75 73 72 118 77 93 94 30 58
24 37 22 22 19 77 38 28 61
37 32 26 76 95 41 22 48 17
-9 15 16 -5 -13 -11 -28 -14 16
40 139 211 2 158 60 223 174 244
114 143 230 50 146 60 8 219 43
214 142 28 254 36 30 23 179 34
14 209 91 1 239 71 186 194 54
149 116 15 13 68 3 136 32 179
151 145 250 117 12 223 58 99 200
15 70 74 27 41 63 23 5 2
-8 -3 20 -17 3 -11 4 8 -5
3 2 2 3 2 2 2 3 2
19 10 15 42 107 54 24 39 66
-17 27 5 -21 -8 -2 -10 -25 -19
9 -44 23 -29 -39 -119 45 89 -76
38 42 50 57 63 38 69 55 3
16 9 29 -15 30 -20 -13 0 -25