76 91 138 60 109 136 64 51 39
19 19 28 -22 8 -20 -20 -5 -11
119 54 102 88 78 85 80 37 46
43 76 53 46 45 18 67 39 61
94 86 71 87 98 71 51 66 52
-28 13 -28 19 20 21 -26 -9 25
196 175 123 159 255 111 182 17 199
4 26 109 116 19 36 28 72 161
201 164 223 53 98 0 165 59 96
124 137 27 237 67 78 224 171 68
248 28 233 84 174 39 34 208 172
39 86 191 253 48 55 50 49 30
67 38 28 26 2 35 26 26 78
4 -9 0 -17 16 -9 8 -5 8
2 1 2 2 3 2 2 1 3
20 94 33 35 91 25 92 43 7
-6 -15 4 -24 -19 25 6 12 12
-87 -34 27 81 106 -47 -1 26 61
73 35 45 62 30 16 29 57 15
8 23 12 28 21 13 -13 10 29