122 146 117 51 55 42 72 79 43
25 22 -27 -1 -21 5 11 -6 -29
41 88 43 40 89 71 39 117 113
33 36 75 27 49 60 46 80 78
83 29 12 9 37 19 33 31 19
10 11 3 -2 -30 26 -26 9 3
39 67 55 227 121 34 88 237 210
25 210 164 112 5 161 131 172 26
208 23 93 239 242 103 75 78 170
239 94 103 79 81 110 65 156 129
114 246 208 67 136 128 227 195 137
193 191 208 166 127 39 86 22 72
31 72 10 74 52 37 74 80 28
16 -3 -14 5 -4 1 6 0 8
1 3 2 2 2 3 2 3 2
12 75 64 40 3 99 100 112 4
15 -1 22 17 -20 -13 -21 -1 -14
62 -120 -38 24 61 -14 -92 38 -40
78 4 7 5 3 5 62 1 30
6 2 -7 25 14 30 -15 -1 -16