79 85 112 24 133 95 139 73 108
15 -28 5 4 17 19 3 4 -8
77 116 105 120 69 43 41 101 40
28 20 69 33 71 57 12 67 47
54 25 31 43 31 89 14 40 34
-3 0 -3 -27 16 -7 18 -10 19
49 0 146 96 129 190 194 9 90
232 111 147 225 220 145 32 105 196
85 240 2 253 129 174 221 140 110
92 111 67 223 154 63 96 106 186
243 180 152 211 13 43 97 233 240
205 127 176 172 42 104 160 182 226
53 41 55 58 2 15 35 46 78
-14 14 -9 2 -4 -8 10 -4 8
2 1 3 3 1 2 3 2 3
96 119 29 57 28 58 94 45 48
18 -8 22 -20 19 11 24 -26 -16
68 -1 -64 59 -22 76 83 103 14
43 34 76 69 59 27 18 34 53
-19 -5 21 20 -5 13 27 14 -25