108 96 65 149 110 43 56 74 149
-8 21 -7 -10 -5 -12 -12 -2 12
104 58 93 98 90 68 63 32 37
85 24 53 54 23 74 22 56 10
93 73 33 65 19 81 43 37 57
25 -12 -16 -7 -25 19 -1 -28 17
188 253 135 158 206 21 141 133 90
139 31 172 228 87 129 196 14 131
58 127 76 156 132 136 50 195 101
5 103 10 194 169 51 64 227 47
159 11 135 148 53 249 220 46 118
54 200 145 21 87 135 87 211 116
80 75 19 31 63 1 45 44 61
4 10 10 -15 -9 4 -17 6 -4
3 3 1 2 1 2 3 1 2
35 111 74 46 48 10 32 115 57
-1 -4 -5 -26 24 -26 -25 -26 -14
109 66 -51 -109 60 -81 -56 -41 -86
24 47 59 31 27 53 28 60 54
-9 14 -15 -7 8 24 0 -12 2