120 135 59 39 82 97 25 33 24
-4 29 6 -7 29 -27 15 14 27
67 82 76 88 63 104 112 85 103
80 64 59 68 22 21 37 28 84
52 11 60 85 30 68 35 62 95
-10 -23 -18 -28 4 -24 -1 -14 12
54 218 185 34 72 90 20 91 110
115 237 18 11 227 200 193 223 209
191 9 241 48 124 232 177 31 215
88 25 30 248 99 54 44 80 58
197 77 237 198 212 210 80 73 200
142 245 240 163 58 220 173 181 233
22 72 70 18 6 57 44 23 33
-17 -8 17 -12 9 3 19 -19 18
3 1 2 2 3 3 3 1 1
61 47 35 102 80 35 115 107 104
-11 -27 -2 -13 -22 6 17 -24 2
-34 115 40 68 -72 -19 30 18 50
12 48 74 15 31 58 47 6 26
23 -26 24 -4 -17 5 19 -7 17