74 117 150 129 121 26 29 66 117
8 -7 -2 0 24 -22 5 5 25
120 32 75 36 112 31 106 115 101
74 26 16 84 46 71 22 61 43
73 44 59 44 26 15 85 40 16
-28 13 -15 -15 -8 -25 24 -24 27
73 206 69 201 182 158 3 31 224
122 118 180 239 145 75 215 157 220
166 22 54 191 216 201 13 165 75
234 133 72 241 63 165 186 217 208
191 226 80 211 194 24 139 146 90
85 187 25 15 116 24 50 245 233
0 61 77 56 49 75 35 29 11
4 -6 3 -1 -3 20 -18 -11 -15
2 3 2 1 1 1 1 2 3
71 84 120 23 120 8 114 45 97
2 -28 -23 8 -14 -10 27 2 26
67 -48 -37 21 103 -91 57 -72 88
44 7 34 45 39 21 50 67 34
-11 5 14 -15 -7 -2 30 -23 17