55 60 126 62 96 27 70 80 129
-11 -26 -11 -26 5 14 27 -23 10
91 38 95 90 61 56 30 33 84
64 78 87 90 62 58 43 37 39
14 64 7 35 90 73 67 88 18
29 -25 17 5 -1 -22 10 28 30
167 143 153 101 93 112 108 207 90
59 173 54 91 25 209 81 247 125
121 49 169 158 60 165 243 70 155
243 240 244 91 233 65 34 162 236
177 94 95 245 234 234 20 185 66
182 120 251 231 184 93 195 145 48
20 6 79 80 43 6 23 4 30
2 6 1 -10 0 -2 -8 18 16
2 1 2 1 2 1 1 3 2
51 79 97 54 80 58 120 112 46
-24 25 29 -15 12 -7 -20 3 13
-75 14 -117 118 82 41 10 38 -66
5 44 6 20 31 71 20 53 31
-3 -7 16 23 25 27 -27 -5 -2