59 22 57 87 81 92 146 31 122
-17 -24 24 9 11 -30 25 -16 -8
60 59 55 107 44 112 77 81 87
56 45 49 22 61 36 48 48 82
82 38 72 17 37 78 92 97 79
-8 21 20 13 16 -22 -9 27 14
156 160 239 178 139 41 195 60 0
185 204 187 76 187 148 24 213 109
209 62 40 121 202 27 47 57 138
238 117 2 46 69 136 15 251 143
126 178 144 88 107 205 102 129 22
241 241 8 30 172 71 230 165 121
74 63 4 39 79 24 77 61 40
-10 5 18 -14 -20 -17 -6 -3 2
2 2 3 1 1 2 1 1 3
6 95 34 68 50 5 63 79 51
-10 -11 14 -19 5 -27 -23 -8 0
-97 81 -47 91 108 -29 -75 -37 26
21 0 60 39 2 24 78 0 29
-9 14 19 23 0 -2 -15 -2 2