68 74 118 66 112 57 60 120 46
26 -6 -28 13 17 -11 13 8 25
77 100 31 99 45 50 76 46 32
13 45 84 16 54 44 50 25 37
11 11 38 26 39 43 91 73 36
-12 4 -6 27 -7 -23 -8 13 -7
206 94 202 98 35 136 148 188 10
112 123 137 220 169 198 244 90 247
37 228 233 230 172 184 192 47 92
44 120 51 109 59 54 98 75 231
67 198 100 63 40 144 86 4 170
253 159 30 123 126 17 228 196 217
31 61 23 27 58 59 11 31 32
3 -12 -14 8 -13 9 14 20 8
1 1 1 1 3 2 2 2 2
4 46 53 114 63 58 98 100 50
1 -24 15 5 14 -26 -24 -13 -13
34 -116 -75 99 -84 73 -88 69 -56
18 5 31 47 12 75 63 22 61
-27 -15 9 29 -14 -20 16 25 -15