22 133 109 98 137 137 81 107 74
-13 10 20 10 13 -4 30 -19 -16
83 44 52 97 110 85 109 108 106
40 43 28 41 23 24 19 17 53
82 67 46 23 60 25 68 20 24
29 23 2 15 -5 -7 26 30 -19
31 44 88 114 56 242 224 165 96
100 182 51 26 21 121 105 159 254
12 80 156 65 202 224 98 216 87
214 78 75 44 96 12 138 144 195
246 255 221 168 75 112 187 198 25
47 4 46 54 83 43 135 81 228
65 16 63 65 33 65 50 80 61
-17 8 19 10 3 -19 17 -9 18
1 3 1 3 3 2 3 2 2
46 67 7 61 25 9 104 24 48
-8 -25 -9 20 0 -30 -16 27 -23
3 -71 -36 86 50 -40 39 23 -61
68 69 54 64 65 54 4 26 10
24 7 -9 11 23 -9 -30 24 27