33 116 63 102 28 79 126 120 107
-19 24 23 -5 -18 -11 -14 30 9
94 118 101 118 53 93 80 46 93
31 55 14 58 63 27 74 35 46
75 20 59 36 15 27 60 31 38
16 22 9 -29 15 3 -25 10 16
130 201 153 200 19 202 167 233 88
66 10 22 126 188 182 153 144 2
59 82 158 34 103 254 187 139 123
228 169 146 231 42 233 87 117 39
214 108 49 84 147 201 68 62 216
184 147 10 113 63 192 248 224 73
15 44 66 71 80 56 53 70 65
-10 11 5 16 2 -2 -9 3 3
2 1 2 1 2 1 3 2 1
105 81 99 19 55 75 119 33 104
23 4 -2 3 -24 18 -19 -13 4
120 -17 29 -88 -50 110 -69 -13 -107
23 72 77 80 80 25 77 64 68
19 -28 -26 -5 2 -19 -28 -24 29