-1 42 94 75 44 40 45 29 69
18 12 26 16 7 27 8 4 4
11 80 30 36 25 9 75 61 6
78 71 43 67 72 42 88 88 35
5 6 5 13 7 13 7 11 8
15 -23 30 -14 10 -28 -17 -19 13
79 47 53 237 131 242 226 192 223
255 241 47 47 10 177 54 30 110
63 27 114 95 94 229 254 33 181
168 46 228 155 206 6 182 121 65
34 159 204 25 191 178 0 48 156
134 77 98 38 214 9 108 18 242
17 6 60 42 73 73 28 45 77
15 -11 3 -20 -15 -10 -11 -15 3
1 3 1 3 1 3 3 3 1
20 69 5 43 104 21 13 34 112
17 17 18 12 14 30 24 20 28
-4 -112 84 -97 103 112 -81 -51 -113
32 10 64 61 100 22 48 6 10
6 0 -12 6 1 -16 -21 -30 -20