105 41 49 141 88 59 82 54 67
10 -24 -18 30 19 24 25 14 -13
89 48 106 60 30 54 115 42 77
48 66 31 74 45 87 65 64 20
94 33 56 61 52 83 42 90 54
-9 -7 27 -16 4 -23 -3 -21 23
208 30 24 86 109 190 153 227 249
109 202 44 56 143 35 234 48 67
47 156 59 30 33 19 69 78 80
1 187 243 27 189 135 16 107 9
29 250 76 124 17 112 47 40 121
84 203 185 103 62 68 166 31 82
72 53 47 68 61 27 56 70 6
-6 -11 6 17 -7 15 5 -13 -16
2 3 1 2 3 3 1 1 2
90 77 71 107 80 43 12 33 109
-5 -7 18 12 -8 -19 16 -27 -26
-102 12 30 38 88 64 116 10 -2
26 10 41 9 8 73 15 57 41
14 -29 9 0 -7 -27 4 -5 -27