77 26 150 39 59 113 39 147 61
0 -23 -20 16 -24 18 17 17 -19
36 32 33 45 110 32 32 58 119
89 42 83 43 19 63 24 70 54
21 30 66 44 57 94 66 92 81
10 9 -10 27 11 -11 0 12 7
45 230 40 29 209 201 35 178 161
206 42 75 233 67 136 164 220 179
4 94 135 9 85 134 130 57 242
12 145 75 165 50 124 154 3 93
114 75 191 116 5 81 157 24 134
230 152 212 116 154 221 6 134 25
31 77 10 75 42 73 50 55 76
2 -20 -5 -16 -17 -2 -4 12 -16
2 3 1 3 1 2 1 3 1
77 80 44 24 10 110 104 44 120
-20 -1 23 -8 30 7 20 20 -8
-100 -92 78 -98 5 49 85 -52 -95
22 1 34 12 77 72 40 1 52
-9 -16 13 12 -24 -24 18 -19 14