71 57 55 45 62 129 22 105 92
-30 2 -30 26 13 9 -5 -18 -27
56 79 76 36 110 105 76 118 85
89 30 61 21 18 50 24 78 77
5 31 47 9 70 90 75 14 47
13 22 -15 -18 10 23 20 23 22
107 55 12 48 147 83 94 194 6
74 196 161 126 73 14 63 85 97
80 64 30 118 119 40 207 84 194
5 210 92 14 183 115 186 239 106
13 32 190 65 62 220 236 21 81
40 248 120 7 181 238 200 53 235
47 3 5 52 8 70 9 47 77
9 8 19 -3 14 20 -18 -6 -18
1 2 3 3 2 2 2 2 1
48 30 60 3 99 13 33 95 119
29 -24 24 30 -27 26 -15 -17 -29
-31 -108 -26 97 36 37 -46 -65 52
71 45 0 12 45 80 69 48 42
-9 -24 -12 16 -28 23 -19 30 20