38 112 78 40 23 62 91 119 86
-5 -22 -8 -27 -22 14 -4 19 -26
101 82 115 62 80 85 56 48 68
54 87 38 34 30 13 51 74 62
24 62 31 67 8 100 17 5 92
7 25 10 -22 18 -10 -11 30 3
185 36 42 237 151 229 210 20 207
149 100 188 2 164 184 182 38 233
209 15 22 225 254 224 36 137 224
138 6 217 86 19 227 79 240 198
83 108 235 46 228 61 250 75 29
250 191 111 132 217 37 252 109 108
26 19 43 17 58 12 57 49 55
12 14 -4 9 -12 17 0 8 -7
3 3 3 2 3 1 1 1 3
103 16 98 18 15 83 60 23 14
14 -19 -19 -8 30 10 17 18 -1
-90 27 -51 -69 14 -72 -34 98 -65
25 21 52 36 59 0 5 24 31
13 3 -2 22 -8 1 -11 17 14