21 141 67 42 22 111 47 73 50
-27 4 26 -22 4 16 3 24 -26
66 112 49 70 37 111 92 66 30
21 63 80 42 43 85 36 13 25
34 74 23 77 84 25 16 88 45
16 -3 -27 1 -22 -24 -22 -8 -25
204 247 104 205 247 162 250 51 118
101 198 29 232 53 122 40 141 23
141 163 225 144 89 83 153 72 210
166 208 112 0 242 88 148 83 74
92 214 72 168 17 120 137 190 60
203 244 213 235 167 180 28 22 123
4 27 50 2 13 23 58 21 45
-15 -7 -16 -8 -2 0 6 -8 1
3 2 3 2 2 3 3 2 1
67 55 45 38 15 20 9 27 17
-18 -30 14 -30 -16 -10 -1 16 16
-98 -93 -67 -56 -96 -117 94 -51 -23
12 49 41 59 70 41 50 2 18
0 12 27 7 23 0 19 -24 14