123 32 47 101 94 64 21 29 76
-11 -6 -13 29 12 -29 22 27 -15
91 96 69 60 61 55 88 112 111
51 78 85 36 55 59 86 24 39
90 76 19 17 82 35 67 62 84
5 24 -12 3 2 -11 -22 -2 -16
181 69 72 230 89 49 224 0 189
40 102 78 151 206 213 35 8 123
201 10 137 73 169 23 255 157 151
233 132 65 172 128 78 145 98 173
11 251 22 221 94 106 172 62 23
180 103 46 107 114 165 103 96 100
25 4 70 67 63 13 75 60 78
4 -2 -19 -20 2 6 18 7 2
3 1 3 2 2 3 3 1 2
9 2 50 72 53 23 13 35 74
16 2 20 -14 3 26 -10 10 -14
111 -106 -10 -120 61 -46 48 108 77
41 35 73 16 43 52 26 43 69
24 -22 -13 20 -14 -14 24 -30 14