81 34 39 149 20 88 137 24 141
28 -20 -13 -14 23 -13 -25 2 -15
65 111 119 119 108 39 74 97 75
25 22 14 76 23 36 13 47 25
98 23 61 94 46 44 95 50 87
-1 28 -13 3 17 -18 -11 -6 2
146 122 181 155 193 194 247 49 178
29 175 45 4 9 15 218 211 215
52 246 58 237 70 82 228 117 90
84 2 44 180 108 152 75 25 131
238 3 218 63 0 235 142 93 210
52 220 135 74 187 30 176 193 169
23 64 23 26 67 62 57 59 67
-1 0 11 2 13 -17 -3 -7 -2
1 2 1 2 3 1 1 2 1
55 32 115 54 85 66 79 41 7
27 -29 -30 -3 21 -6 13 -21 -6
-106 59 105 106 -25 -98 32 15 -40
8 47 0 3 11 5 21 52 42
-26 -12 11 9 -4 -11 13 7 -11