141 123 104 20 27 26 24 41 102
30 14 -14 -28 -4 -13 -25 -6 15
97 53 43 43 33 85 86 47 87
19 45 81 77 10 49 87 12 22
98 79 6 16 87 41 31 80 31
19 9 7 3 -30 9 11 6 -9
96 125 136 156 237 26 222 208 191
115 91 174 121 121 43 227 227 255
83 104 244 164 185 88 211 51 88
126 84 36 187 129 56 46 91 15
174 15 61 209 100 130 84 140 161
58 72 71 126 163 136 173 227 202
74 60 59 66 58 39 69 68 32
14 12 -8 -11 -9 -11 1 -4 -16
2 2 3 3 1 2 2 1 3
1 89 112 4 115 11 34 21 11
-24 -2 14 25 -8 -2 0 11 15
-23 43 -24 106 2 12 118 -18 75
28 59 13 37 15 67 52 78 59
1 8 13 -3 -27 2 19 19 2