32 64 58 79 113 117 115 126 127
23 -30 -2 -24 14 4 -8 29 26
108 113 77 49 92 58 81 43 87
69 63 53 70 21 26 39 32 22
70 9 87 50 41 53 97 60 86
-11 30 -8 23 18 -30 10 25 -9
205 46 135 1 249 198 99 185 32
135 170 71 221 52 160 2 234 157
103 16 182 98 195 252 108 84 133
175 48 119 125 245 59 59 184 107
27 157 204 130 93 237 170 192 43
91 216 161 138 152 149 82 51 205
18 53 33 5 33 13 35 26 46
-5 8 6 11 5 -20 11 9 13
1 3 3 3 2 3 2 3 2
15 90 79 15 62 71 14 19 101
29 -4 -5 -21 -14 -12 19 -20 -28
18 -13 -44 47 -100 51 -78 -74 49
50 28 49 37 36 9 33 8 30
10 -1 -19 12 -5 -26 -21 -8 15