46 112 128 136 68 57 34 92 61
28 29 -11 -9 -24 4 16 27 -11
55 63 120 52 96 68 110 81 114
69 13 64 62 64 57 69 88 53
36 64 22 43 13 17 79 56 72
5 -9 20 0 -9 12 -16 1 -15
170 46 166 66 70 27 133 42 103
103 176 150 199 81 10 80 184 77
208 175 45 207 26 112 241 228 218
243 197 234 253 33 94 182 125 79
174 16 15 194 179 207 232 229 219
216 65 20 197 155 193 234 62 12
12 17 26 4 24 30 24 61 61
-2 17 15 2 17 -12 -9 -12 3
1 2 2 3 2 2 3 2 1
79 96 44 51 74 14 89 35 69
-24 0 20 27 4 29 27 -26 5
66 -70 47 70 -18 -82 48 114 -60
20 67 22 54 69 63 5 7 21
17 -23 19 21 26 -18 6 -9 -7