31 123 35 128 60 28 31 138 25
29 3 14 6 2 -11 17 4 -6
77 83 72 105 73 111 78 113 55
68 21 74 25 86 76 37 73 29
82 100 53 22 35 71 61 99 55
9 -8 10 6 -23 -24 -16 7 1
20 174 5 101 169 109 49 2 113
237 200 54 166 215 204 165 122 104
57 75 241 49 188 61 252 28 205
22 55 60 103 181 128 210 79 161
82 58 185 96 111 238 250 217 92
38 138 206 144 131 83 108 195 11
51 54 70 62 13 47 12 37 1
20 5 -4 -8 -3 -19 18 -1 18
3 1 2 1 2 1 2 1 2
85 73 34 93 70 53 65 64 7
12 -7 30 19 7 -9 9 6 21
-1 31 62 -45 -12 -99 -65 101 -5
69 80 32 39 6 55 48 35 21
-27 -1 -21 7 -23 29 3 7 4