25 59 49 117 73 145 79 60 44
18 -8 3 1 -8 21 -27 19 -5
114 92 93 50 117 110 102 67 38
65 57 81 10 69 16 80 49 19
29 33 71 22 57 91 96 23 38
0 -18 -8 17 -11 1 0 -12 -27
161 160 100 239 197 69 182 117 38
111 170 180 250 252 181 108 169 184
97 27 216 255 234 139 11 79 63
28 111 249 143 82 50 22 51 42
200 240 230 51 48 156 211 250 35
67 195 187 201 207 85 217 46 133
62 54 35 45 36 28 64 7 62
-4 -16 8 2 -7 -20 20 19 11
2 2 1 1 3 2 2 1 2
30 21 96 21 101 57 69 66 95
10 28 19 -20 -30 -7 -4 9 26
107 40 57 104 68 -35 -52 117 25
26 37 54 40 40 19 20 78 52
8 13 30 -19 13 -9 -10 -29 11