136 117 149 20 137 101 60 104 99
-1 5 -22 2 0 21 -2 -24 27
105 74 36 74 118 115 60 75 73
62 28 41 32 67 58 90 84 22
81 59 45 59 46 62 24 14 92
25 9 26 18 -4 29 -22 15 15
97 237 48 229 119 54 36 190 83
244 99 38 219 227 21 25 154 193
106 34 20 227 237 163 155 23 138
186 83 253 92 227 49 223 199 140
156 139 226 166 144 253 18 193 89
208 51 2 69 168 233 33 6 195
32 79 45 60 22 79 50 43 47
-13 19 -11 16 -16 -16 -3 -5 0
2 1 3 3 3 2 3 2 2
35 102 84 33 93 51 65 119 36
-14 25 16 -10 -14 28 28 -5 -23
18 -44 105 101 12 -107 -86 56 -64
27 39 61 71 77 34 14 44 33
-16 -7 20 -25 -5 26 -10 10 28