134 38 86 27 32 92 95 101 142
27 -19 6 5 14 -14 18 -19 4
4 48 37 103 66 50 66 42 70
40 59 26 83 43 30 49 19 51
10 93 99 97 97 12 20 7 34
14 1 -6 0 -20 -29 2 17 -11
65 195 168 98 191 15 139 69 159
135 10 41 147 166 248 134 49 89
147 35 126 71 239 40 35 224 138
169 58 43 79 214 39 183 159 186
163 21 27 98 232 54 106 168 223
227 178 52 130 30 230 35 30 76
1 50 1 64 37 77 51 24 49
-15 -13 -9 19 19 -20 -20 -14 -18
2 2 2 2 2 2 2 1 2
91 63 60 1 31 80 18 6 97
-1 21 -4 28 -8 -28 12 24 7
-105 80 75 -54 24 -39 -16 -114 16
67 64 39 40 56 18 15 27 2
17 -5 3 13 7 -11 -17 14 19