93 104 115 119 140 92 106 109 70
-25 11 0 -7 -24 -25 -17 10 -7
48 75 70 116 112 117 111 94 104
23 46 46 22 78 33 41 20 41
40 24 31 18 13 67 62 99 39
2 14 -17 22 14 -24 -15 -4 12
252 85 249 213 245 145 182 70 207
252 51 66 88 190 101 167 157 122
211 201 79 178 221 53 131 75 155
68 79 73 11 73 191 40 169 116
42 249 225 2 190 21 59 37 81
218 105 120 244 155 83 164 59 218
63 63 13 24 32 80 20 44 16
-9 -20 -10 18 20 16 0 12 -15
3 1 1 3 3 2 2 3 3
49 75 38 110 63 100 120 52 70
-21 12 -7 -16 -13 17 27 2 29
-61 67 43 -19 -70 -36 -48 93 2
28 76 44 56 76 61 61 14 46
-17 -5 2 -7 28 -11 16 15 -6