57 31 114 60 21 105 110 51 23
-29 20 -3 20 1 11 1 -21 11
96 44 119 108 116 60 88 30 56
15 11 76 14 10 29 36 86 26
51 14 19 37 81 87 74 24 9
11 2 26 6 2 -6 -23 -14 -14
163 29 110 207 59 91 166 74 122
235 9 43 143 71 0 60 162 15
166 247 40 16 136 123 171 229 221
93 108 65 27 91 139 48 181 6
3 152 56 254 180 255 49 182 167
44 143 223 231 225 16 218 27 19
49 41 44 15 80 46 67 18 52
9 -14 -12 18 4 -2 -8 -10 8
1 2 2 2 3 2 2 3 1
18 52 26 53 16 84 111 65 71
-27 -6 -9 -5 -6 15 30 -13 -29
-9 -99 73 -71 88 -71 46 57 -108
71 47 19 80 14 34 23 38 55
-3 5 0 -2 18 16 -18 -22 -1