132 24 80 47 28 104 51 40 128
-17 -16 -14 10 5 -11 23 -8 -9
39 72 77 66 51 32 80 60 107
64 62 41 58 36 87 71 79 84
100 62 84 8 15 8 26 34 93
-20 -27 -17 24 25 29 0 -21 -16
117 119 181 124 237 142 121 237 9
149 108 198 125 86 128 34 54 77
132 43 192 36 218 88 222 61 5
251 249 112 98 79 77 114 212 201
215 226 82 46 143 79 46 189 37
55 149 255 178 91 93 219 84 170
78 57 11 32 9 64 48 41 66
-11 6 10 6 20 11 -18 -5 -4
3 2 3 2 2 1 1 2 2
25 25 45 27 69 6 91 87 75
2 -12 24 -21 17 21 -2 -6 -15
-23 48 -56 -15 -78 40 -93 -59 -110
9 58 42 12 80 19 65 16 43
-29 24 8 20 14 3 9 -1 29