95 32 92 47 136 23 57 144 116
-30 27 -28 -13 -13 8 9 13 16
5 92 113 79 74 119 100 103 59
10 29 67 19 71 25 89 23 74
33 100 36 8 67 50 24 18 31
6 13 24 30 -6 27 -16 -27 30
50 43 68 57 58 146 164 253 141
250 32 171 39 17 173 171 198 81
144 149 55 179 36 40 25 145 220
120 92 219 80 3 132 84 94 96
137 89 66 31 24 182 237 114 101
171 195 169 86 103 143 110 183 150
15 48 32 54 60 52 32 62 13
-10 7 17 11 7 -8 -15 13 15
3 1 2 1 2 2 1 3 1
36 47 102 117 13 118 80 8 41
8 11 20 -1 20 -14 -13 -14 -5
36 -115 12 -93 96 -11 -38 85 97
17 21 16 36 9 69 21 46 7
-15 -18 18 13 13 22 12 -8 -3