88 67 45 91 67 139 24 86 126
9 -7 -12 14 -14 8 -12 4 21
85 89 93 77 98 98 69 106 44
12 31 13 30 29 39 36 82 84
21 5 61 72 64 86 29 48 61
-26 -20 -17 24 -4 -17 6 -13 9
96 49 235 145 69 134 200 2 219
15 213 30 34 96 95 251 157 199
6 6 31 126 63 77 92 185 13
173 60 227 124 66 203 245 156 107
187 26 150 214 8 54 165 75 227
188 17 64 131 254 224 116 219 147
65 54 42 64 8 66 59 18 52
15 5 -10 -5 9 2 4 -9 6
3 1 2 2 1 2 1 3 2
28 108 99 60 79 96 114 90 5
12 28 28 14 29 16 -19 18 18
46 -53 -15 -34 29 -57 -55 68 -68
34 36 15 21 3 78 6 44 36
16 28 3 1 4 28 10 -25 1