87 72 74 135 53 143 43 138 126
29 6 -19 -19 -28 -5 -15 18 8
79 57 60 48 42 96 104 97 72
59 43 16 59 44 83 33 54 82
5 9 65 21 27 9 46 86 48
11 4 -27 -7 10 17 18 -15 8
138 215 237 25 103 6 149 230 93
45 217 198 77 76 43 183 51 90
173 135 224 41 104 109 15 83 76
246 116 60 156 53 185 120 66 21
233 87 125 192 32 30 70 244 8
115 151 110 50 179 227 215 21 237
0 52 18 52 74 47 55 69 35
19 17 -11 10 6 5 -19 0 -11
3 3 1 1 1 1 2 1 2
11 62 108 70 25 27 25 69 101
16 -20 -21 -21 1 22 -1 -20 -5
40 79 110 -60 -101 78 -114 20 66
0 32 38 71 41 47 43 73 24
-19 -9 -15 21 -26 -1 17 27 -7