138 22 72 44 50 75 128 80 31
10 -12 27 10 -7 23 -7 30 -30
51 107 41 69 98 84 57 30 110
67 90 52 60 32 80 10 44 19
45 58 59 60 24 27 89 67 55
-15 15 -11 -28 -9 16 -16 5 3
66 181 244 117 75 23 70 54 169
119 175 185 129 23 129 16 171 4
33 88 132 227 0 109 77 188 154
184 247 169 22 92 73 25 177 132
117 90 34 198 179 19 192 68 84
209 72 5 181 229 53 12 46 6
19 9 54 50 6 13 52 28 57
-17 20 -20 -10 -13 -17 -4 16 -7
2 3 2 2 3 3 1 1 1
87 11 111 11 31 57 115 86 77
5 -5 -16 0 -30 -8 -12 24 -7
46 -2 9 91 118 73 -65 -40 -3
25 10 51 11 13 38 9 20 55
1 6 -19 -4 30 27 -25 -9 15