28 113 105 87 36 34 105 66 147
4 -15 -24 21 22 18 30 23 -30
31 87 106 40 70 86 38 53 111
38 69 47 81 67 14 85 88 13
80 60 84 75 98 83 25 73 28
5 -13 5 -18 22 3 10 -25 18
11 23 90 226 171 45 48 95 238
6 57 37 171 10 202 148 167 120
100 115 39 123 59 215 200 73 17
118 112 35 188 139 21 217 50 128
50 150 52 86 226 23 231 58 149
132 9 106 87 225 134 176 243 146
11 48 41 42 6 14 26 65 68
18 -5 17 -9 1 19 12 -5 -8
1 3 1 3 1 1 2 2 2
85 117 9 34 39 90 99 117 98
-9 18 -2 27 21 -21 -8 -15 19
31 -35 73 -36 -50 14 -89 -68 -54
64 43 79 64 20 51 29 36 3
-7 21 -30 1 -28 5 -8 24 12