120 146 33 68 40 81 24 32 122
-30 2 -7 -13 -14 -8 18 6 6
45 47 69 108 105 41 96 101 48
79 16 38 74 28 70 40 37 53
91 90 91 32 77 76 47 29 25
-27 20 30 -10 -16 30 30 24 2
16 110 250 247 239 141 39 251 175
234 106 236 95 38 190 103 208 175
12 215 2 154 204 208 121 70 129
254 82 178 106 31 21 23 162 179
135 146 32 129 77 235 24 207 77
62 154 70 196 100 160 199 119 136
46 36 13 61 64 72 71 33 19
-9 -3 20 -17 9 -6 14 -6 -2
2 3 3 2 3 2 3 2 2
104 20 71 71 92 105 6 98 20
24 -4 14 0 9 9 3 -19 10
-64 -42 -65 -69 96 74 10 -14 -103
3 69 27 13 25 12 64 53 49
26 11 29 25 27 2 29 26 -19