101 78 45 80 74 105 85 41 106
30 -15 -27 22 -7 -24 19 1 -2
107 79 41 96 76 108 50 47 95
67 13 29 25 78 42 88 46 55
76 72 54 59 99 71 7 85 44
7 -21 11 10 -10 -22 20 24 4
42 48 220 26 251 153 13 20 158
150 234 206 55 87 25 234 119 20
118 25 253 117 45 30 231 156 95
243 44 95 241 186 245 0 73 118
50 255 141 158 10 35 27 177 217
234 151 225 40 166 228 39 194 246
79 37 46 42 71 60 30 0 74
-20 -20 -7 -7 -2 17 -14 -5 -20
2 1 2 2 3 2 2 1 2
77 46 106 62 113 13 2 70 23
-22 2 -12 1 -3 -11 20 -13 0
13 -50 -89 41 79 -31 59 19 74
5 77 25 60 56 29 67 44 39
12 -27 18 -2 -11 30 22 25 6