83 29 127 97 50 74 47 138 74
25 1 17 27 4 1 22 16 -29
36 108 73 92 37 100 75 55 107
59 25 30 17 18 16 52 58 68
40 96 30 60 99 50 100 82 82
1 -9 26 1 -9 7 -2 -22 -30
252 208 15 49 104 88 28 136 25
122 109 192 3 156 55 85 54 124
203 210 176 214 34 223 234 152 101
243 18 106 235 221 107 127 95 132
226 16 169 234 180 42 58 251 254
26 162 128 123 252 155 114 237 86
77 24 72 6 21 57 45 41 2
-7 10 -9 0 -3 13 -15 -2 -2
3 2 2 1 2 2 1 1 3
116 109 5 53 42 52 23 116 77
25 -4 -19 -15 -8 28 -24 -14 17
79 13 -79 -50 -79 -93 -101 120 59
80 5 73 35 63 47 73 79 8
-3 -27 20 -4 -29 -8 -8 -20 -3