100 126 63 75 144 39 101 112 101
-10 25 24 -25 4 -7 26 -15 -28
57 89 33 57 92 74 111 61 41
86 65 65 14 87 75 84 26 55
100 74 70 26 17 95 84 63 37
-17 -24 -9 20 26 -21 -6 -24 11
203 70 7 207 237 251 231 94 102
51 212 105 167 226 213 237 194 13
206 83 84 105 183 152 130 231 1
194 153 228 8 218 87 171 158 92
194 96 78 161 219 94 138 107 50
8 252 196 154 113 135 51 191 58
9 76 26 72 78 15 6 35 76
-16 -19 -6 -6 8 -16 -16 -14 17
3 1 2 1 3 2 2 2 3
39 91 103 9 91 2 102 3 29
24 4 17 18 14 29 -27 2 26
94 20 -67 -43 41 24 35 28 108
18 27 1 32 8 25 14 18 4
-23 -29 14 23 16 -24 22 10 29