75 127 110 31 124 145 130 142 81
10 14 -20 -13 23 -4 22 -5 -5
58 39 90 65 55 113 32 112 108
63 28 85 25 65 75 89 20 54
37 71 76 100 67 28 76 14 93
-15 7 25 -17 -27 12 -1 -15 9
66 214 161 13 206 172 111 205 222
107 55 85 160 132 103 74 103 217
118 175 79 123 187 144 2 107 240
195 74 6 30 13 29 148 193 124
184 149 120 9 235 119 37 143 50
17 114 25 63 252 100 193 172 87
47 31 37 49 69 51 21 37 21
-5 7 -1 1 -5 1 -2 -17 10
2 1 1 2 2 1 2 1 1
114 9 38 71 43 75 88 103 74
7 -16 -5 14 1 16 2 -2 -4
83 99 -33 -119 45 84 -76 90 27
38 54 9 51 65 80 42 22 61
-26 28 14 -5 30 -4 -28 22 6