34 69 34 82 33 33 40 44 134
1 -2 -30 -29 18 -8 -20 11 -9
112 82 44 38 52 78 117 78 48
83 11 58 76 81 16 64 86 57
51 83 96 73 98 80 54 75 94
20 -24 28 -4 -2 5 -8 1 18
59 223 11 68 167 20 45 143 100
246 184 147 228 235 134 85 1 54
240 241 150 191 255 156 163 23 140
15 229 159 12 90 144 155 70 141
125 162 249 182 19 5 219 156 185
238 195 136 163 251 59 246 187 59
38 17 49 70 37 53 37 35 23
6 -4 10 -12 1 -20 3 15 -20
1 3 2 3 1 3 1 3 1
53 18 69 16 91 104 38 70 3
-22 2 8 -30 -7 14 -9 26 -1
104 34 -6 50 -36 -34 74 11 -46
55 21 61 10 18 59 33 70 61
14 22 -21 -27 21 -30 11 -17 12