148 145 30 63 121 35 96 38 46
-23 -27 -16 5 21 -25 4 -20 -27
57 34 98 98 93 58 62 88 65
90 14 11 17 16 86 51 22 52
100 73 13 64 57 18 41 6 23
-15 -21 9 27 -5 25 28 29 5
39 97 244 229 137 75 83 176 77
104 164 11 5 115 158 98 117 137
160 75 166 205 88 105 67 159 109
7 86 42 40 39 3 234 221 166
49 40 46 220 165 87 90 43 112
151 72 115 113 97 190 12 11 231
20 20 51 6 47 19 50 4 67
-8 -1 20 -6 6 -5 -15 14 6
1 2 3 3 1 1 2 1 1
25 75 72 38 51 16 5 46 33
8 -18 19 17 -27 23 0 -15 -29
22 51 49 6 -46 26 -68 -59 20
62 61 47 57 15 26 79 24 61
-26 9 26 7 -18 25 10 3 -6